1111
1000
0000
0000
1111
1100
0011
1111
1100
1111
1111
0011
0000
1100
0111
1001
1110
0111
1110
0111
1000
0110
0111
1001
1111
1100
0011
1111
1100
1111
1100
0011
0000
1111
0011
1101
1110
0001
1111
1000
0001
1000
0000
0000
0001
1000
0100
0011
0011
0000
0011
1111
1111
1111
1100
0000
0011
1110
0001
1001
1110
0111
1001
1000
0001
1111
1000
0111
1100
1111
1100
1100
0000
1111
0011
1111
0000
0011
0011
0000
0000
0001
1001
1110
0110
0000
0001
1000
0111
1001
0011
1111
1100
0000
1111
1111
1111
0000
0011
0000
1110
0001
1110
0000
0000
0000
0110
0111
1111
1111
1111
1100
0011
1100
0000
1100
1111
0000
1100
1111
1111
1100
0010
0001
1000
0110
0110
0110
0001
1111
1111
1001
1001
1011
1100
0011
0011
1100
1100
0011
0000
1111
0000
0000
0000
0111
1000
0000
0000
0110
0111
1110
0111
1001
1000
0000
1100
0000
1111
1111
0011
1100
1111
0011
0000
0011
1001
1110
0000
0001
1111
1001
1000
0110
0000
0001
1111
0000
0000
1111
0000
1111
0000
0011
0000
0000
1100
1100
0110
0000
0000
0110
0001
1110
0110
0001
1001
1000
0011
0011
1100
1111
0011
0011
0011
0011
0011
0000
0011
1110
0110
0111
1110
0111
1110
0000
0001
1001
1110
0001
1011
0011
0011
1111
1111
1111
1111
0000
0011
0000
1111
1111
1110
0001
1000
0110
0001
1000
0000
0000
0001
1110
1111
0011
1111
0000
0000
1100
1100
1111
1111
0011
1101
1111
1111
1000
0000
0110
0001
1110
0001
1111
1001
1111
1100
0000
1111
1111
1100
1100
1100
1100
0011
1111
0010
0001
1111
1001
1000
0000
0001
1111
1001
1000
0111
1100
0011
1111
1111
0011
0000
0011
1111
0011
1111
1100
0001
1111
1000
0001
1000
0110
0000
0001
1001
1111
1001
1111
0011
1100
0011
0000
1100
0011
1100
0011
1100
0000
0000
0111
1001
1110
0110
0000
0111
1110
0110
0111
1110
1100
1100
0000
1111
1100
0000
0000
0011
1100
1100
0000
0111
1110
0000
0001
1001
1001
1000
0000
0000
0111
1111
1111
0000
1111
0011
1111
1100
1111
0011
0011
0011
0010
0001
1000
0001
1110
0000
0000
0000
0001
1110
0001
1000
1100
1100
1111
1100
1100
0011
1111
1111
0000
1100
0111
1000
0111
1001
1000
0110
0110
0000
0111
1001
1001
1011
0000
1111
1111
0000
0000
0000
1111
1111
1100
0011
0000
0111
1110
0110
0110
0110
0111
1000
0001
1001
1111
0000
1111
1111
0011
0011
1100
1100
1100
0011
1100
1100
0000
0001
1000
0111
1001
1001
1000
0111
1110
0001
1001
0000
1100
1111
0011
1100
0000
1100
0000
1111
0011
1100
0001
1001
1001
1111
1000
0001
1111
1110
0110
0110
0111
1100
1111
1111
1100
0011
1100
1111
1111
1100
1100
1000
0001
1111
1111
1001
1111
1000
0110
0000
0110
0111
0000
1100
0011
1111
0011
0011
1111
1100
1111
0000
1100
0110
0000
0001
1110
0000
0000
0000
0001
