011	0.001770	0.002472	0.891512
111	0.001770	0.002472	0.885228
111	-0.001617	0.002106	0.878944
111	-0.000854	0.000397	0.872661
111	0.002319	0.001740	0.866377
111	0.001099	0.000427	0.860094
111	0.000916	0.000671	0.853810
111	0.000793	0.000244	0.847526
111	-0.000458	-0.000946	0.841243
111	-0.002136	0.000305	0.834959
111	-0.001404	0.000397	0.828676
110	0.001343	0.000854	0.822392
100	0.000122	0.002197	0.816108
001	0.000275	-0.000458	0.809825
011	-0.000763	0.000519	0.803541
110	-0.003601	-0.000916	0.797258
100	-0.002197	0.000183	0.790974
000	0.000885	-0.000854	0.784691
000	0.001709	0.001099	0.778407
001	0.001740	0.002167	0.772123
011	-0.000854	-0.000397	0.765840
110	-0.001099	-0.000153	0.759556
100	0.000702	-0.001862	0.753273
001	0.000122	0.001373	0.746989
011	-0.000732	-0.000275	0.740705
110	0.000244	-0.000305	0.734422
100	0.000916	0.001007	0.728138
000	0.000732	-0.002075	0.721855
000	0.000641	-0.001221	0.715571
001	0.001465	0.001770	0.709288
011	0.002899	-0.000458	0.703004
111	-0.001984	0.000488	0.696720
111	-0.002838	-0.002838	0.690437
111	0.000000	-0.001953	0.684153
111	0.000549	-0.000366	0.677870
111	-0.001251	0.000305	0.671586
111	-0.002106	-0.001068	0.665302
110	-0.000824	-0.001465	0.659019
100	0.000153	-0.001617	0.652735
001	-0.000793	-0.000824	0.646452
011	-0.000763	-0.000763	0.640168
110	0.000458	-0.001251	0.633884
001	-0.000946	0.001617	0.627601
011	-0.000458	-0.001617	0.621317
111	-0.000488	-0.000885	0.615034
111	-0.001343	-0.000244	0.608750
110	0.001282	-0.000946	0.602467
100	-0.000427	-0.000122	0.596183
001	-0.001495	0.001038	0.589899
011	0.000671	0.001129	0.583616
110	0.002655	0.001190	0.577332
100	-0.000793	-0.001495	0.571049
000	-0.000549	-0.000427	0.564765
000	0.000153	0.000214	0.558481
001	0.000916	0.000580	0.552198
011	-0.000916	0.000000	0.545914
110	-0.001831	0.000427	0.539631
100	0.001038	-0.001373	0.533347
001	-0.000183	-0.001770	0.527063
011	0.000397	-0.001099	0.520780
110	-0.001007	0.000122	0.514496
100	0.000366	0.000336	0.508213
001	-0.000275	-0.000793	0.501929
011	0.000397	-0.002747	0.495646
111	0.000000	-0.003143	0.489362
111	0.001648	-0.001984	0.483078
111	0.000458	-0.001038	0.476795
111	-0.000519	-0.000977	0.470511
111	-0.002930	-0.000671	0.464228
111	-0.001190	0.000610	0.457944
111	-0.000397	0.000519	0.451660
111	-0.000549	0.000549	0.445377
110	0.000641	0.001648	0.439093
100	0.000427	0.000000	0.432810
000	0.000854	-0.002350	0.426526
000	0.001099	-0.000366	0.420242
000	-0.000916	0.001038	0.413959
000	0.001617	-0.001404	0.407675
000	0.003357	0.000427	0.401392
000	0.001343	0.000458	0.395108
000	0.001038	0.001709	0.388825
000	0.001648	0.003418	0.382541
001	-0.000336	0.000000	0.376257
011	-0.000610	-0.001404	0.369974
110	-0.001007	-0.000732	0.363690
001	0.000244	0.000488	0.357407
011	0.000000	0.000702	0.351123
110	0.001251	-0.001801	0.344839
100	-0.000793	-0.000702	0.338556
000	0.000916	0.000275	0.332272
000	-0.000397	0.000671	0.325989
001	-0.000458	0.000214	0.319705
011	0.000366	0.000610	0.313422
111	-0.000183	-0.001801	0.307138
111	0.001648	-0.000885	0.300854
110	-0.001648	-0.000458	0.294571
100	0.000885	-0.000092	0.288287
001	0.000946	-0.000336	0.282004
011	0.000031	0.000610	0.275720
111	0.000183	0.000977	0.269436
111	0.000214	-0.000732	0.263153
111	-0.001038	-0.001038	0.256869
111	-0.000702	-0.000977	0.250586
110	-0.000519	-0.000671	0.244302
100	0.001190	0.000122	0.238018
000	0.001007	-0.001160	0.231735
000	0.000488	0.000336	0.225451
001	0.000610	0.000397	0.219168
011	-0.000580	0.005096	0.212884
111	-0.000244	0.000244	0.206601
111	-0.001373	-0.001312	0.200317
110	0.003265	0.000977	0.194033
100	-0.000092	-0.001740	0.187750
000	-0.003326	-0.000397	0.181466
000	-0.000549	-0.000885	0.175183
000	-0.001526	0.000183	0.168899
000	0.001587	-0.000214	0.162615
000	-0.000793	0.000153	0.156332
000	-0.000671	-0.002472	0.150048
001	0.000793	-0.000183	0.143765
011	-0.000427	0.000061	0.137481
111	0.000214	-0.002838	0.131197
111	-0.000763	0.001099	0.124914
111	-0.000305	0.002686	0.118630
111	-0.000275	0.000702	0.112347
110	-0.001984	0.000610	0.106063
100	-0.000458	-0.002380	0.099780
000	-0.000488	-0.000732	0.093496
000	0.000610	0.000061	0.087212
011	0.000336	-0.000763	0.080929
111	0.001129	-0.000977	0.074645
111	0.002563	-0.000122	0.068362
111	-0.000824	0.000793	0.062078
111	-0.000305	-0.000854	0.055794
110	-0.000580	0.001648	0.049511
100	-0.001099	0.002167	0.043227
001	-0.000641	0.000366	0.036944
011	-0.000916	0.001831	0.030660
111	0.000732	0.000793	0.024377
111	-0.000397	0.000122	0.018093
111	0.000519	-0.000885	0.011809
111	0.000763	-0.000092	0.005526
110	-0.002350	0.001190	-0.000758
100	0.000549	0.000366	-0.007041
001	-0.000092	0.000763	-0.013325
011	-0.000763	-0.001099	-0.019609
110	0.000366	-0.000275	-0.025892
100	0.000580	0.000977	-0.032176
000	-0.001465	-0.000519	-0.038459
000	0.000183	0.000580	-0.044743
001	-0.000488	0.000732	-0.051027
011	-0.000854	0.000061	-0.057310
111	-0.000244	0.000244	-0.063594
111	0.001801	-0.000671	-0.069877
110	-0.002167	0.000275	-0.076161
100	-0.001099	0.000916	-0.082444
000	-0.001465	-0.001770	-0.088728
000	-0.001648	-0.001007	-0.095012
000	0.001282	-0.000732	-0.101295
000	-0.000305	-0.000214	-0.107579
000	-0.001465	0.001129	-0.113862
000	0.001221	0.001953	-0.120146
000	0.001770	0.000275	-0.126430
000	0.001190	0.000427	-0.132713
000	0.000183	0.001434	-0.138997
000	0.000366	-0.000580	-0.145280
000	-0.000092	0.000305	-0.151564
000	0.001099	0.000916	-0.157848
001	0.000732	0.000793	-0.164131
011	0.000092	0.000641	-0.170415
111	-0.000793	0.000153	-0.176698
111	0.000549	0.000153	-0.182982
111	-0.000763	0.001221	-0.189265
110	-0.001068	-0.001038	-0.195549
100	0.001099	-0.001312	-0.201833
001	0.000977	0.001892	-0.208116
011	0.000397	0.002045	-0.214400
111	-0.001160	-0.000702	-0.220683
111	-0.000580	0.001099	-0.226967
110	0.000549	0.001495	-0.233251
100	0.000244	0.001038	-0.239534
000	0.000092	0.000763	-0.245818
000	0.000885	0.000885	-0.252101
001	-0.000549	0.002747	-0.258385
011	-0.000061	0.000671	-0.264669
111	-0.000824	0.000275	-0.270952
111	0.001068	-0.000916	-0.277236
111	-0.000458	-0.000671	-0.283519
111	0.001587	0.002777	-0.289803
110	-0.001312	0.000366	-0.296086
100	0.001251	0.001434	-0.302370
000	0.000275	-0.000244	-0.308654
000	0.001099	-0.002319	-0.314937
001	0.000153	-0.001068	-0.321221
011	-0.002411	0.001587	-0.327504
111	-0.000854	0.000580	-0.333788
111	0.000153	0.000610	-0.340072
111	0.002991	0.001709	-0.346355
111	0.000610	-0.000671	-0.352639
110	-0.002991	0.000763	-0.358922
100	-0.000458	-0.000336	-0.365206
001	-0.001282	0.002045	-0.371489
011	-0.001923	0.002472	-0.377773
110	-0.000153	0.000763	-0.384057
100	-0.000031	-0.001953	-0.390340
001	0.000031	0.001282	-0.396624
011	0.002014	-0.000122	-0.402907
110	0.000580	0.000580	-0.409191
100	0.001282	0.001648	-0.415475
000	0.000458	0.000549	-0.421758
000	-0.000885	0.001099	-0.428042
000	0.000458	0.000793	-0.434325
000	0.000610	0.002106	-0.440609
001	-0.001617	0.000458	-0.446893
011	-0.000061	-0.002197	-0.453176
111	-0.000397	0.000214	-0.459460
111	0.001373	0.000885	-0.465743
111	0.000244	-0.000641	-0.472027
110	-0.000336	-0.000610	-0.478310
100	0.000122	0.000275	-0.484594
000	-0.001678	0.000244	-0.490878
000	0.000000	-0.002319	-0.497161
001	-0.000916	0.002106	-0.503445
011	-0.000397	0.001740	-0.509728
110	-0.000793	-0.002502	-0.516012
100	0.000488	0.000763	-0.522296
001	-0.000366	0.001648	-0.528579
011	-0.001251	0.002319	-0.534863
111	-0.000610	-0.000336	-0.541146
111	0.001617	-0.001892	-0.547430
110	0.000763	-0.000122	-0.553714
100	0.000916	0.000092	-0.559997
001	-0.000031	-0.000305	-0.566281
011	-0.000397	0.000366	-0.572564
111	-0.000183	0.001038	-0.578848
111	-0.000336	0.001221	-0.585131
110	0.001678	0.000244	-0.591415
100	-0.000366	-0.000488	-0.597699
001	-0.000214	-0.000092	-0.603982
011	0.001526	0.000183	-0.610266
110	-0.000397	-0.001160	-0.616549
100	0.000549	-0.002441	-0.622833
000	-0.000366	0.000031	-0.629117
000	-0.000641	0.001587	-0.635400
001	-0.000305	-0.000702	-0.641684
011	-0.000519	-0.000671	-0.647967
111	0.000061	-0.000214	-0.654251
111	0.000214	0.001495	-0.660534
110	-0.000214	-0.000305	-0.666818
100	0.000061	-0.000671	-0.673102
001	-0.000153	0.000336	-0.679385
011	-0.002167	0.000549	-0.685669
111	-0.001038	-0.001160	-0.691952
111	-0.001984	0.000671	-0.698236
111	-0.000977	0.000580	-0.704520
111	0.000366	-0.001648	-0.710803
110	0.000214	0.000153	-0.717087
100	-0.000519	0.000763	-0.723370
001	0.000092	0.001312	-0.729654
111	0.000427	-0.000244	-0.735938
111	-0.001587	0.000427	-0.742221
111	-0.002136	-0.001953	-0.748505
111	-0.001434	-0.002258	-0.754788
111	0.000031	-0.000336	-0.761072
111	0.000336	0.001587	-0.767355
110	0.000427	0.002960	-0.773639
100	-0.000671	0.002014	-0.779923
000	-0.001343	0.000610	-0.786206
000	0.001282	-0.001129	-0.792490
001	0.001129	0.001038	-0.798773
011	-0.001526	0.001373	-0.805057
110	-0.000092	0.000244	-0.811341
100	-0.001160	-0.001465	-0.817624
000	-0.000946	-0.001831	-0.823908
000	0.000885	0.002655	-0.830191
000	-0.000092	0.001434	-0.836475
000	-0.000793	-0.001099	-0.842759
001	0.001160	-0.000427	-0.849042
011	0.001404	0.001068	-0.855326
110	0.001862	0.003296	-0.861609
100	0.002167	0.001831	-0.867893
001	-0.000458	-0.001068	-0.874176
011	0.000366	0.000824	-0.880460
110	-0.000977	0.000488	-0.886744
100	-0.000854	-0.001434	-0.893027
000	-0.000916	0.000061	-0.899311
000	-0.000031	0.000458	-0.905594
001	-0.001770	0.000061	-0.911878
011	-0.002289	0.000641	-0.918162
110	-0.000458	-0.002167	-0.924445
100	0.001709	0.000000	-0.930729
000	0.001923	0.000214	-0.937012
000	0.000488	-0.001617	-0.943296
000	-0.000671	-0.000702	-0.949580
000	0.000946	-0.001740	-0.955863
001	0.001465	0.000000	-0.962147
011	0.000763	0.000183	-0.968430
111	0.000366	-0.000336	-0.974714
111	-0.001038	0.000092	-0.980997
111	-0.000763	-0.001801	-0.987281
111	0.000458	-0.001190	-0.993565
110	0.002014	0.001251	-0.999848
000	0.000763	-0.000458	-1.006132
000	0.000488	-0.000214	-1.012415
000	0.000916	-0.000336	-1.018699
000	0.001526	0.001190	-1.024983
000	0.000885	0.002106	-1.031266
000	0.001221	0.000153	-1.037550
000	0.000092	0.001678	-1.043833
000	-0.000580	-0.000671	-1.050117
001	0.001007	0.000061	-1.056400
011	0.001282	-0.000854	-1.062684
111	-0.001221	-0.000092	-1.068968
111	-0.001404	-0.000183	-1.075251
111	0.000153	0.001312	-1.081535
111	-0.000183	-0.001007	-1.087818
110	-0.001007	-0.000549	-1.094102
100	-0.002136	0.000458	-1.100386
000	-0.000702	0.001648	-1.106669
000	0.000305	-0.000153	-1.112953
001	0.000366	0.000275	-1.119236
011	0.000641	-0.000183	-1.125520
110	0.000977	-0.002472	-1.131804
100	-0.000641	0.001587	-1.138087
001	0.001770	0.001373	-1.144371
011	0.000244	-0.000946	-1.150654
111	0.001862	0.001190	-1.156938
111	-0.000183	0.000641	-1.163221
111	-0.000488	0.000153	-1.169505
111	-0.000885	0.001556	-1.175789
111	-0.002045	-0.003326	-1.182072
111	0.001434	-0.001984	-1.188356
110	0.000854	0.000244	-1.194639
100	-0.000183	-0.002411	-1.200923
000	0.001038	-0.001007	-1.207207
000	-0.001129	-0.000122	-1.213490
001	0.001373	-0.000397	-1.219774
011	0.000671	0.000397	-1.226057
110	0.000824	-0.000122	-1.232341
100	-0.000244	-0.000793	-1.238625
001	0.000305	0.000458	-1.244908
011	0.002014	0.000641	-1.251192
111	0.001068	-0.002228	-1.257475
111	-0.000916	-0.002502	-1.263759
111	0.000854	0.000092	-1.270042
111	-0.001587	0.001373	-1.276326
100	-0.000275	-0.000244	-1.282610
000	-0.000641	0.000610	-1.288893
000	0.001251	-0.001221	-1.295177
001	0.001526	-0.000244	-1.301460
011	0.000732	-0.001221	-1.307744
110	-0.000427	0.000244	-1.314028
100	-0.000366	0.000214	-1.320311
001	0.000336	-0.002319	-1.326595
011	0.000275	-0.002533	-1.332878
111	-0.000214	0.000214	-1.339162
111	0.000671	-0.001160	-1.345445
111	-0.000031	-0.000183	-1.351729
111	-0.001160	0.002350	-1.358013
110	0.001099	0.001038	-1.364296
100	-0.000488	-0.000977	-1.370580
001	0.000214	-0.001648	-1.376863
011	0.000580	-0.001404	-1.383147
111	0.000458	-0.000275	-1.389431
111	0.001282	-0.001007	-1.395714
111	0.001190	-0.000732	-1.401998
111	0.000793	0.001068	-1.408281
111	-0.000610	-0.000702	-1.414565
111	0.000214	-0.001038	-1.420849
111	-0.000732	-0.000916	-1.427132
111	-0.000946	-0.000916	-1.433416
110	-0.000549	0.000031	-1.439699
100	-0.001923	-0.000946	-1.445983
001	0.000610	-0.001923	-1.452266
011	0.001007	-0.001312	-1.458550
111	-0.001007	-0.000214	-1.464834
111	0.002411	0.000488	-1.471117
110	0.002869	0.000824	-1.477401
100	-0.000763	-0.000305	-1.483684
001	-0.000092	-0.000824	-1.489968
011	-0.000031	-0.000458	-1.496252
110	-0.000854	0.000793	-1.502535
100	-0.001343	0.001068	-1.508819
001	0.000275	-0.001862	-1.515102
011	0.000305	0.000061	-1.521386
111	-0.001129	0.000580	-1.527670
111	-0.001556	-0.002075	-1.533953
110	-0.000488	-0.000092	-1.540237
100	-0.001099	-0.000458	-1.546520
011	0.001190	0.000458	-1.552804
110	0.000824	0.003204	-1.559087
100	-0.000427	0.000061	-1.565371
000	-0.001373	-0.002167	-1.571655
000	-0.000793	0.002747	-1.577938
000	-0.001984	0.000427	-1.584222
000	-0.000153	0.001404	-1.590505
000	-0.001862	0.000946	-1.596789
000	-0.000793	0.000885	-1.603073
001	0.000977	0.000549	-1.609356
011	0.000519	0.001678	-1.615640
110	0.000031	-0.001038	-1.621923
100	-0.000183	-0.003052	-1.628207
000	-0.001190	-0.002441	-1.634491
000	-0.000671	-0.000336	-1.640774
000	-0.000824	-0.001068	-1.647058
000	0.000366	0.000854	-1.653341
000	0.000519	0.000214	-1.659625
000	-0.000183	0.001465	-1.665908
001	-0.001007	0.000458	-1.672192
011	0.001312	-0.002197	-1.678476
110	-0.001099	0.001801	-1.684759
100	-0.000031	0.002258	-1.691043
001	0.002258	0.001282	-1.697326
011	0.002167	-0.000275	-1.703610
110	0.002380	-0.001129	-1.709894
100	0.000244	0.000519	-1.716177
001	-0.000519	-0.001190	-1.722461
011	-0.000061	0.001801	-1.728744
111	0.000366	0.001495	-1.735028
111	0.002136	0.001251	-1.741311
111	0.002777	0.000793	-1.747595
111	0.000366	0.000580	-1.753879
110	0.001984	0.002228	-1.760162
100	-0.000305	0.002075	-1.766446
000	-0.000366	0.000214	-1.772729
000	0.000488	-0.000153	-1.779013
000	-0.000122	0.000427	-1.785297
000	-0.001190	-0.000061	-1.791580
001	-0.000854	0.000275	-1.797864
011	0.000366	0.000793	-1.804147
111	0.000580	-0.001831	-1.810431
111	-0.000549	-0.000854	-1.816715
100	0.000763	-0.002380	-1.822998
000	0.001953	-0.002502	-1.829282
000	-0.000519	0.001312	-1.835565
000	-0.000671	-0.000824	-1.841849
000	0.000702	-0.000671	-1.848132
001	-0.001495	-0.000183	-1.854416
011	0.001984	0.000610	-1.860700
111	0.000092	-0.000153	-1.866983
111	-0.001709	-0.000122	-1.873267
110	-0.000732	0.000244	-1.879550
100	-0.000549	-0.000305	-1.885834
000	-0.001556	-0.000031	-1.892118
000	-0.003418	0.001129	-1.898401
000	0.000061	-0.000366	-1.904685
000	-0.000458	0.001404	-1.910968
000	-0.000610	0.000061	-1.917252
000	-0.001190	-0.000671	-1.923536
000	-0.003448	-0.000092	-1.929819
000	-0.001129	0.001068	-1.936103
000	-0.001617	0.000031	-1.942386
000	-0.001343	-0.000793	-1.948670
001	0.000275	0.000854	-1.954953
011	0.001343	0.001190	-1.961237
110	-0.000244	0.000336	-1.967521
100	-0.000061	0.002716	-1.973804
001	-0.000092	0.001648	-1.980088
011	0.000549	-0.000366	-1.986371
111	0.002136	-0.000092	-1.992655
111	0.001923	0.000244	-1.998939
111	0.000885	0.000366	-2.005222
111	0.001923	0.002594	-2.011506
111	-0.000122	0.000122	-2.017789
111	0.000885	0.002655	-2.024073
111	0.000000	-0.000519	-2.030356
111	0.001831	-0.000427	-2.036640
110	0.001343	0.000977	-2.042924
100	-0.000610	-0.000671	-2.049207
001	-0.001587	-0.000732	-2.055491
011	-0.002350	0.000916	-2.061774
110	0.000244	-0.001404	-2.068058
100	0.000397	-0.001526	-2.074342
000	0.000732	0.000183	-2.080625
000	-0.000336	0.000275	-2.086909
001	0.000702	0.000427	-2.093192
111	0.000885	-0.000916	-2.099476
111	0.000366	-0.001373	-2.105760
111	-0.000183	-0.000397	-2.112043
111	0.003235	0.000336	-2.118327
111	0.000763	0.001221	-2.124610
111	0.001190	0.002258	-2.130894
110	0.001099	0.001678	-2.137177
100	0.001434	0.003235	-2.143461
001	0.001190	0.000916	-2.149745
011	-0.000305	-0.001251	-2.156028
110	0.001648	0.001801	-2.162312
100	0.001282	0.001404	-2.168595
000	-0.000427	-0.000336	-2.174879
000	-0.001007	0.000366	-2.181163
001	-0.001099	0.000427	-2.187446
011	0.000610	0.000153	-2.193730
110	-0.000183	-0.001282	-2.200013
100	-0.002441	-0.001526	-2.206297
000	-0.000793	-0.001129	-2.212581
000	-0.001465	-0.001465	-2.218864
000	-0.001038	0.000702	-2.225148
000	-0.001190	-0.000458	-2.231431
000	-0.000336	-0.002136	-2.237715
000	0.001099	-0.000732	-2.243998
001	0.001068	-0.001160	-2.250282
011	-0.001221	0.000275	-2.256566
111	-0.001556	-0.001251	-2.262849
111	0.000366	-0.001312	-2.269133
111	0.000275	0.000946	-2.275416
111	0.001556	0.000916	-2.281700
111	0.001770	-0.000641	-2.287984
111	0.000427	-0.001465	-2.294267
111	-0.000702	-0.000641	-2.300551
111	-0.000427	-0.000458	-2.306834
110	0.000671	-0.001190	-2.313118
100	-0.000519	-0.000275	-2.319402
000	-0.001678	0.000092	-2.325685
000	-0.001495	0.001373	-2.331969
000	-0.001465	-0.000031	-2.338252
000	-0.001953	0.000549	-2.344536
000	-0.002655	0.001556	-2.350819
000	-0.001648	-0.000549	-2.357103
000	-0.003265	0.000000	-2.363387
001	-0.000946	-0.000916	-2.369670
011	-0.000031	-0.000732	-2.375954
110	0.001587	-0.000854	-2.382237
100	0.000336	-0.000061	-2.388521
000	-0.001312	0.000305	-2.394805
000	0.001373	-0.002136	-2.401088
000	0.000641	-0.000214	-2.407372
000	-0.000793	0.000244	-2.413655
000	0.000916	-0.000793	-2.419939
000	0.001282	-0.002319	-2.426222
001	0.000305	-0.001221	-2.432506
011	-0.000641	-0.000153	-2.438790
111	-0.000397	0.000275	-2.445073
111	0.001556	-0.000183	-2.451357
110	-0.001160	-0.000854	-2.457640
100	-0.000519	0.003052	-2.463924
000	-0.000793	-0.000824	-2.470208
000	-0.000427	-0.000610	-2.476491
001	-0.002625	0.001068	-2.482775
011	-0.001709	0.001007	-2.489058
111	-0.000427	0.000854	-2.495342
111	-0.002594	0.001160	-2.501626
110	-0.000610	0.003113	-2.507909
100	-0.001404	-0.000458	-2.514193
000	-0.000763	-0.001221	-2.520476
000	-0.000763	-0.000519	-2.526760
001	-0.002686	0.001129	-2.533043
011	-0.001129	0.000458	-2.539327
111	-0.002167	0.001007	-2.545611
111	-0.000336	0.001465	-2.551894
110	-0.001038	0.000244	-2.558178
100	-0.001373	0.000336	-2.564461
001	0.000366	0.001587	-2.570745
011	0.000427	0.000641	-2.577029
110	-0.000305	-0.000153	-2.583312
100	-0.001282	-0.000214	-2.589596
000	0.000610	-0.000854	-2.595879
000	-0.000732	-0.000031	-2.602163
000	0.000275	-0.001404	-2.608447
000	-0.000488	0.000946	-2.614730
000	-0.000610	0.000366	-2.621014
000	-0.001221	-0.000610	-2.627297
000	0.001831	0.000031	-2.633581
000	0.000122	0.001617	-2.639864
000	-0.002167	0.000854	-2.646148
001	-0.000244	0.001373	-2.652432
011	0.000061	0.001068	-2.658715
110	0.000305	0.000336	-2.664999
100	0.000305	-0.000427	-2.671282
001	-0.000427	0.000397	-2.677566
011	0.000305	-0.001831	-2.683850
110	-0.000854	-0.000183	-2.690133
100	0.000763	0.000122	-2.696417
001	-0.002197	0.000305	-2.702700
011	-0.001251	0.002716	-2.708984
111	0.001770	0.002716	-2.715267
111	0.001282	0.003387	-2.721551
110	0.001556	0.000031	-2.727835
100	0.000366	-0.002319	-2.734118
000	-0.002197	-0.001465	-2.740402
000	-0.000305	-0.001282	-2.746685
000	-0.000366	0.001343	-2.752969
000	0.000763	0.000397	-2.759253
000	-0.000427	-0.000458	-2.765536
000	-0.001312	-0.001434	-2.771820
000	-0.000061	-0.000580	-2.778103
000	0.000763	0.000275	-2.784387
001	0.000519	-0.000061	-2.790671
011	-0.000824	-0.000763	-2.796954
110	-0.000275	-0.001251	-2.803238
100	-0.001099	-0.001984	-2.809521
000	-0.001099	-0.001587	-2.815805
000	-0.001404	-0.000885	-2.822088
000	-0.001831	0.002106	-2.828372
000	0.000671	0.000458	-2.834656
001	0.001740	0.000122	-2.840939
011	-0.000214	0.001038	-2.847223
111	0.002228	0.003265	-2.853506
111	0.000824	0.000061	-2.859790
111	0.001617	-0.001434	-2.866074
111	0.002136	0.000275	-2.872357
111	0.000427	0.001007	-2.878641
111	0.000244	0.001831	-2.884924
111	-0.003082	0.001099	-2.891208
111	-0.000763	0.001862	-2.897492
111	0.001007	0.002228	-2.903775
111	0.000946	-0.000275	-2.910059
100	-0.001678	0.000183	-2.916342
001	0.000275	0.000153	-2.922626
011	-0.000458	-0.000092	-2.928909
110	0.001312	0.000824	-2.935193
100	0.000854	0.001648	-2.941477
001	0.000397	0.002625	-2.947760
011	0.000183	0.002808	-2.954044
111	-0.000488	0.000488	-2.960327
111	0.001312	-0.001648	-2.966611
111	0.002686	0.001434	-2.972895
111	0.000519	0.001251	-2.979178
111	0.001923	-0.000702	-2.985462
111	0.000885	0.001495	-2.991745
111	0.001038	-0.001190	-2.998029
111	0.000946	-0.001617	-3.004313
110	-0.001770	0.003662	-3.010596
100	-0.000641	0.001282	-3.016880
001	-0.000397	0.000519	-3.023163
011	0.000397	-0.001465	-3.029447
110	0.001740	-0.001282	-3.035730
100	0.000000	-0.002045	-3.042014
000	-0.001251	0.000214	-3.048298
000	0.000397	-0.000641	-3.054581
001	-0.001648	-0.002808	-3.060865
011	0.000641	-0.000183	-3.067148
110	0.000549	-0.001343	-3.073432
100	-0.001007	-0.002380	-3.079716
000	-0.001251	0.000824	-3.085999
000	0.001831	-0.001404	-3.092283
000	0.000977	0.002014	-3.098566
000	-0.000885	-0.002655	-3.104850
000	-0.001404	-0.002930	-3.111133
000	0.000000	-0.001129	-3.117417
001	-0.000031	-0.001587	-3.123701
011	-0.000031	0.000336	-3.129984
111	0.000061	0.002319	-3.136268
111	-0.000092	-0.000214	3.140634
110	-0.001556	0.001160	3.134350
100	0.000916	0.001801	3.128067
001	-0.000214	0.000977	3.121783
011	-0.001312	0.000214	3.115500
111	-0.002014	-0.000458	3.109216
111	0.001678	0.000885	3.102932
111	0.002289	0.000549	3.096649
111	0.002563	0.000397	3.090365
111	0.000549	-0.000092	3.084082
110	-0.001038	-0.001648	3.077798
100	0.002777	0.000610	3.071514
001	0.000946	-0.000854	3.065231
011	-0.000244	-0.002228	3.058947
110	-0.000702	-0.000641	3.052664
100	0.003448	0.001129	3.046380
000	0.001984	0.000275	3.040096
000	-0.001160	0.002869	3.033813
001	-0.000336	0.001923	3.027529
011	0.000763	-0.001953	3.021246
111	0.000549	-0.002228	3.014962
111	0.000977	0.000793	3.008679
110	0.000885	0.000427	3.002395
100	0.001404	-0.001221	2.996111
000	-0.001984	0.001801	2.989828
000	0.000488	-0.000092	2.983544
000	-0.001617	-0.001434	2.977261
000	-0.000305	-0.001251	2.970977
000	0.001465	0.000580	2.964693
000	-0.002533	-0.000488	2.958410
001	-0.001556	-0.000214	2.952126
011	0.000397	0.001892	2.945843
111	-0.000519	0.000641	2.939559
111	0.000519	0.001038	2.933275
110	0.000641	0.000580	2.926992
100	0.000000	0.000153	2.920708
001	-0.000244	-0.000763	2.914425
011	0.001923	0.000641	2.908141
111	0.000854	0.001404	2.901858
111	-0.001282	-0.000397	2.895574
110	0.000854	-0.000793	2.889290
100	0.001190	0.001129	2.883007
000	0.001373	-0.000305	2.876723
000	0.001526	-0.001221	2.870440
000	0.001434	-0.001160	2.864156
000	-0.003601	-0.000824	2.857872
000	-0.002228	-0.000427	2.851589
000	0.000183	0.000366	2.845305
000	0.001740	-0.001587	2.839022
000	-0.000092	-0.000031	2.832738
000	0.000275	0.000458	2.826455
000	-0.001190	-0.001953	2.820171
000	0.000153	-0.002411	2.813887
001	-0.001038	-0.001282	2.807604
011	0.000153	-0.002502	2.801320
110	0.001862	0.000122	2.795037
100	-0.002655	0.001709	2.788753
000	-0.000946	-0.000458	2.782469
000	0.002014	-0.000214	2.776186
000	-0.000610	-0.000366	2.769902
000	0.001373	0.000916	2.763619
001	0.000183	-0.001770	2.757335
011	0.000763	-0.000702	2.751051
110	-0.001343	0.001068	2.744768
100	-0.000885	-0.000244	2.738484
000	-0.000549	-0.001099	2.732201
000	-0.001312	-0.001129	2.725917
001	0.001526	-0.001923	2.719634
011	-0.003174	-0.000854	2.713350
110	0.000610	0.001434	2.707066
100	0.000397	-0.001984	2.700783
000	-0.000519	0.000000	2.694499
000	-0.001892	-0.001678	2.688216
000	-0.000671	-0.000580	2.681932
000	0.000153	0.000336	2.675648
001	-0.001099	0.001984	2.669365
011	-0.000305	0.000214	2.663081
111	0.002411	-0.001404	2.656798
111	-0.000580	-0.002380	2.650514
111	-0.000366	-0.001312	2.644230
111	-0.002869	0.001495	2.637947
111	-0.001770	0.001312	2.631663
111	0.002045	-0.000763	2.625380
111	0.001862	0.000458	2.619096
111	0.002655	-0.000793	2.612813
111	0.000122	0.002197	2.606529
111	-0.002167	0.002472	2.600245
110	-0.000488	0.000946	2.593962
100	0.000458	-0.001373	2.587678
000	0.000092	0.000641	2.581395
000	-0.001404	-0.001160	2.575111
001	-0.000519	0.001526	2.568827
011	-0.000397	0.001465	2.562544
110	-0.000122	0.001282	2.556260
001	-0.001678	0.000031	2.549977
011	-0.001404	0.001984	2.543693
111	0.001404	0.002838	2.537410
111	-0.002747	0.000549	2.531126
111	-0.003235	0.000244	2.524842
111	0.001831	-0.002594	2.518559
111	0.000305	0.000580	2.512275
111	-0.000946	-0.000916	2.505992
111	0.000488	-0.001862	2.499708
111	-0.001495	0.000610	2.493424
110	-0.000061	0.001068	2.487141
100	-0.000671	-0.000092	2.480857
000	-0.000702	-0.000214	2.474574
000	-0.001617	-0.000916	2.468290
000	-0.001526	0.000275	2.462006
000	0.000122	0.000000	2.455723
000	0.000793	-0.001343	2.449439
000	0.000214	-0.000305	2.443156
000	0.002655	-0.000702	2.436872
000	0.001831	0.000183	2.430589
001	0.001282	0.000000	2.424305
011	-0.001587	0.000885	2.418021
110	-0.000122	0.000366	2.411738
100	0.001068	-0.001160	2.405454
000	0.000916	-0.001373	2.399171
000	0.000214	-0.001892	2.392887
000	0.001526	0.000061	2.386603
000	-0.002075	0.000427	2.380320
000	-0.003052	-0.001068	2.374036
000	0.000305	0.000641	2.367753
001	0.001953	-0.001129	2.361469
011	0.001312	-0.002441	2.355185
110	-0.001129	0.000061	2.348902
100	-0.001038	0.001007	2.342618
001	0.000824	0.000458	2.336335
011	-0.001099	0.000244	2.330051
110	-0.000610	0.001190	2.323768
100	0.001740	0.000183	2.317484
000	-0.001129	0.000092	2.311200
000	-0.000183	-0.002258	2.304917
001	-0.003235	-0.002289	2.298633
011	-0.001099	-0.000671	2.292350
110	0.001068	-0.001190	2.286066
100	-0.001221	-0.000305	2.279782
011	0.000122	0.001068	2.273499
111	-0.001038	-0.001251	2.267215
111	0.000092	0.000061	2.260932
110	0.000214	0.000977	2.254648
100	-0.000305	0.001434	2.248364
001	0.000214	-0.000488	2.242081
011	-0.001282	0.000824	2.235797
110	-0.001617	0.000793	2.229514
100	0.001831	-0.000183	2.223230
000	0.000977	-0.000977	2.216947
000	-0.000610	0.000153	2.210663
000	-0.000580	-0.001221	2.204379
000	0.000793	-0.001984	2.198096
001	0.000732	-0.001984	2.191812
011	0.002441	-0.001282	2.185529
111	0.002258	0.002533	2.179245
111	0.000244	0.000885	2.172961
110	-0.000305	0.001251	2.166678
100	0.000092	0.000214	2.160394
001	-0.000153	-0.002747	2.154111
011	0.001129	-0.001617	2.147827
110	0.001038	-0.000793	2.141544
100	0.000214	0.001038	2.135260
000	0.000214	0.001587	2.128976
000	-0.000336	-0.000763	2.122693
001	-0.001007	-0.000366	2.116409
011	-0.001221	0.000153	2.110126
111	0.002686	0.000336	2.103842
111	0.000977	-0.000061	2.097558
110	-0.001068	-0.001648	2.091275
100	0.000793	-0.001312	2.084991
000	0.000641	-0.000946	2.078708
000	0.000153	-0.002838	2.072424
000	-0.000458	-0.000549	2.066140
000	0.000000	0.000275	2.059857
001	0.001648	-0.001007	2.053573
011	0.000275	-0.001648	2.047290
111	-0.000885	0.001282	2.041006
111	0.000702	-0.001587	2.034723
111	0.002258	0.001617	2.028439
111	-0.001160	0.002747	2.022155
111	-0.002228	-0.001984	2.015872
111	0.000702	-0.001434	2.009588
111	0.000305	0.001343	2.003305
110	0.001373	0.001617	1.997021
100	-0.000702	0.000946	1.990737
000	-0.001068	0.001526	1.984454
000	0.000885	0.001984	1.978170
001	-0.002075	0.000122	1.971887
011	-0.000397	0.000061	1.965603
111	-0.001831	0.000732	1.959319
111	-0.000610	0.000183	1.953036
111	-0.001495	-0.000641	1.946752
111	-0.001160	0.001221	1.940469
110	-0.000336	0.001373	1.934185
100	-0.000458	0.000671	1.927902
001	-0.001099	-0.002045	1.921618
011	0.000671	-0.003052	1.915334
111	-0.000488	-0.001740	1.909051
111	-0.000122	0.001862	1.902767
110	-0.002747	-0.000061	1.896484
100	-0.000122	-0.001007	1.890200
001	0.001343	-0.000946	1.883916
011	0.000244	-0.001099	1.877633
110	0.000031	0.001312	1.871349
100	-0.000549	0.000977	1.865066
001	0.001434	0.001282	1.858782
011	0.001160	0.000977	1.852499
111	-0.001526	-0.001282	1.846215
111	-0.000854	-0.000854	1.839931
110	0.000488	-0.000610	1.833648
100	0.000885	0.000000	1.827364
001	0.001038	-0.002014	1.821081
011	0.000092	0.000732	1.814797
110	0.000122	0.000122	1.808513
100	-0.001434	-0.000092	1.802230
001	0.000824	-0.000275	1.795946
011	-0.000610	0.000366	1.789663
110	-0.000122	0.000488	1.783379
100	-0.002502	0.000824	1.777095
001	-0.000183	0.000610	1.770812
011	-0.001495	0.000397	1.764528
110	-0.001556	-0.001312	1.758245
100	-0.002045	0.001526	1.751961
001	-0.001221	0.000244	1.745678
011	-0.000153	-0.000397	1.739394
111	-0.000916	-0.000977	1.733110
111	-0.002014	-0.001282	1.726827
111	0.000092	-0.002075	1.720543
110	0.002319	-0.002594	1.714260
100	0.001190	-0.001343	1.707976
000	0.002869	-0.002411	1.701692
000	0.002167	0.000214	1.695409
001	-0.001740	-0.000458	1.689125
011	-0.002228	-0.001282	1.682842
110	-0.001373	0.001678	1.676558
100	-0.000824	0.000122	1.670274
000	-0.000427	0.000214	1.663991
000	-0.001221	0.002716	1.657707
001	0.000427	0.000916	1.651424
011	0.000244	0.000336	1.645140
110	-0.000793	0.001190	1.638857
100	-0.000153	0.000824	1.632573
000	-0.000702	0.000244	1.626289
000	0.001190	0.000000	1.620006
001	0.001160	0.001312	1.613722
011	0.000214	0.002930	1.607439
110	-0.000793	-0.000671	1.601155
100	-0.000366	-0.001984	1.594871
001	0.000824	0.000336	1.588588
011	-0.000488	0.000061	1.582304
111	-0.000366	-0.000702	1.576021
111	-0.001129	0.000275	1.569737
110	-0.001801	-0.000427	1.563453
100	0.002045	-0.000916	1.557170
001	-0.001160	0.001892	1.550886
011	-0.002197	0.000824	1.544603
110	-0.003845	-0.000519	1.538319
100	0.000000	-0.001343	1.532036
001	0.001404	-0.000122	1.525752
011	-0.000153	0.002869	1.519468
111	-0.000305	0.001801	1.513185
111	-0.001099	0.000092	1.506901
110	0.000000	0.000977	1.500618
100	-0.001373	-0.001007	1.494334
000	0.000031	-0.002472	1.488050
000	0.001312	-0.000336	1.481767
001	-0.001434	0.000092	1.475483
011	-0.001434	0.000610	1.469200
110	-0.002136	0.000549	1.462916
000	-0.002380	-0.001160	1.456633
000	-0.000793	-0.002563	1.450349
000	-0.000488	-0.000244	1.444065
000	0.001007	0.000092	1.437782
000	0.000488	0.000244	1.431498
000	-0.002411	-0.000946	1.425215
001	-0.001648	-0.001587	1.418931
011	-0.002899	0.000427	1.412647
111	-0.002838	0.003540	1.406364
111	-0.001434	0.002563	1.400080
110	-0.002106	-0.001129	1.393797
100	-0.000427	-0.001709	1.387513
001	-0.000244	-0.001282	1.381229
011	0.000641	0.001251	1.374946
110	-0.000946	0.002075	1.368662
100	-0.000153	0.001831	1.362379
001	-0.002258	0.002319	1.356095
011	-0.002289	0.000397	1.349812
110	0.000397	0.002289	1.343528
100	-0.000427	-0.000519	1.337244
000	0.000061	-0.001953	1.330961
000	-0.000610	-0.001007	1.324677
000	0.000214	0.001801	1.318394
000	0.002991	-0.001251	1.312110
001	-0.001617	-0.001404	1.305826
011	0.001373	-0.000336	1.299543
111	0.000397	0.000702	1.293259
111	-0.000610	0.000885	1.286976
110	0.000977	-0.000793	1.280692
100	-0.002045	-0.000397	1.274408
001	-0.001007	0.001068	1.268125
011	-0.000977	0.001373	1.261841
110	-0.002350	0.003296	1.255558
100	0.000671	0.000153	1.249274
000	0.002563	0.000885	1.242991
000	0.002106	-0.000702	1.236707
000	0.000702	0.001709	1.230423
000	0.003174	0.002655	1.224140
000	-0.001251	0.000427	1.217856
000	-0.000732	-0.000183	1.211573
001	0.000763	-0.001282	1.205289
011	-0.001617	0.000092	1.199005
110	-0.001282	0.000824	1.192722
000	-0.000275	0.000946	1.186438
000	0.001373	-0.001526	1.180155
000	0.001434	0.000336	1.173871
000	0.000610	0.000793	1.167588
000	0.001556	0.001160	1.161304
000	0.000488	0.002502	1.155020
000	-0.000092	0.003876	1.148737
000	0.001770	0.001892	1.142453
001	-0.001556	0.000244	1.136170
011	-0.002563	0.001251	1.129886
111	-0.002655	0.001282	1.123602
111	-0.001556	-0.000031	1.117319
110	0.000336	-0.000397	1.111035
100	-0.001373	-0.000793	1.104752
000	0.001312	-0.000488	1.098468
000	0.002411	-0.000336	1.092184
001	0.000916	-0.000031	1.085901
011	0.002319	0.001434	1.079617
111	-0.000519	0.001434	1.073334
111	-0.000427	0.000488	1.067050
110	0.001129	0.001862	1.060767
100	0.000763	0.001434	1.054483
001	0.001556	0.000397	1.048199
011	-0.000610	0.000214	1.041916
110	-0.000305	0.000580	1.035632
100	-0.000977	-0.001038	1.029349
000	0.001709	0.000092	1.023065
000	0.000458	0.001251	1.016781
000	0.000946	-0.000580	1.010498
000	0.002289	-0.000946	1.004214
001	-0.001709	0.001648	0.997931
011	-0.000671	0.001099	0.991647
110	-0.000153	-0.001190	0.985363
100	-0.001099	0.000305	0.979080
001	-0.001038	0.001221	0.972796
011	-0.001312	0.000458	0.966513
111	0.000519	0.001007	0.960229
111	-0.000732	-0.000519	0.953946
111	0.000366	-0.002289	0.947662
111	-0.000244	-0.002594	0.941378
110	0.001587	0.000549	0.935095
100	0.000854	-0.000763	0.928811
000	0.002014	0.000824	0.922528
000	-0.000671	0.001068	0.916244
011	0.001068	0.000153	0.909960
110	0.001129	-0.000977	0.903677
100	-0.000763	-0.000122	0.897393
001	0.000977	0.000671	0.891110
011	0.000183	0.001038	0.884826
111	0.001862	-0.000366	0.878542
111	-0.000366	-0.000824	0.872259
110	-0.000824	-0.001373	0.865975
100	0.001862	-0.001465	0.859692
000	-0.001709	-0.001587	0.853408
000	0.000763	-0.000427	0.847125
001	-0.001129	0.002411	0.840841
011	-0.003510	0.001526	0.834557
110	-0.002563	-0.000061	0.828274
100	-0.001251	0.002655	0.821990
001	-0.001617	0.000397	0.815707
011	-0.001404	-0.001129	0.809423
110	0.001221	0.000153	0.803139
100	0.000153	0.000824	0.796856
000	0.001465	0.001404	0.790572
000	0.000366	0.001434	0.784289
001	0.000977	-0.000549	0.778005
011	-0.000488	0.001465	0.771722
110	-0.000244	0.002441	0.765438
100	0.001007	0.000641	0.759154
000	-0.001801	-0.001007	0.752871
000	-0.000031	0.001709	0.746587
000	0.000519	-0.000519	0.740304
000	0.000702	-0.002502	0.734020
001	0.002197	-0.000580	0.727736
011	0.000366	0.001190	0.721453
111	0.000092	-0.001282	0.715169
111	-0.000397	0.000702	0.708886
111	0.000763	0.001709	0.702602
111	-0.000824	0.000458	0.696318
111	-0.002136	-0.001312	0.690035
111	-0.001404	-0.000702	0.683751
111	-0.001251	-0.000366	0.677468
111	0.000214	-0.001190	0.671184
110	0.000488	-0.001617	0.664901
100	0.000275	-0.000092	0.658617
000	0.002991	0.001251	0.652333
000	0.002655	-0.000916	0.646050
011	-0.001068	0.001465	0.639766
111	-0.001007	0.001373	0.633483
111	-0.000854	0.000732	0.627199
111	-0.002594	0.001373	0.620915
111	-0.000671	0.000214	0.614632
111	0.000641	-0.000793	0.608348
111	-0.001068	0.000122	0.602065
111	-0.001129	-0.001251	0.595781
111	-0.003693	-0.000305	0.589497
110	-0.000854	-0.000610	0.583214
100	-0.002869	-0.000183	0.576930
000	-0.001129	0.000092	0.570647
000	-0.000793	0.000610	0.564363
001	-0.000244	0.000122	0.558080
011	0.001923	0.000183	0.551796
110	-0.002411	-0.001587	0.545512
100	-0.000061	-0.001709	0.539229
001	0.000946	0.000305	0.532945
011	-0.002441	-0.000671	0.526662
110	-0.001404	-0.000702	0.520378
100	0.000153	-0.000488	0.514094
001	0.000061	0.001984	0.507811
011	-0.000732	0.000641	0.501527
110	-0.001099	-0.001068	0.495244
100	-0.000702	0.000397	0.488960
000	-0.000519	0.000702	0.482676
000	-0.000244	0.000275	0.476393
001	-0.001556	0.002930	0.470109
011	-0.003998	0.000427	0.463826
111	-0.000977	-0.000946	0.457542
111	0.000763	-0.000214	0.451259
111	0.002563	0.001556	0.444975
111	0.001434	0.000244	0.438691
110	0.000641	0.000458	0.432408
100	-0.002533	0.001648	0.426124
000	-0.000092	0.001587	0.419841
000	0.000610	-0.000458	0.413557
001	-0.000458	-0.001495	0.407273
011	0.000336	-0.001007	0.400990
110	0.000519	-0.003052	0.394706
100	-0.000336	-0.000732	0.388423
001	0.002045	0.000397	0.382139
011	0.001495	-0.001282	0.375856
111	0.002350	0.000732	0.369572
111	0.001099	-0.000549	0.363288
111	-0.000854	-0.000580	0.357005
110	-0.000397	-0.000519	0.350721
100	0.000183	-0.003082	0.344438
000	-0.001190	-0.002380	0.338154
000	-0.001678	0.000549	0.331870
001	0.000763	0.002655	0.325587
011	0.001434	0.000305	0.319303
110	-0.000977	-0.000854	0.313020
100	0.000183	0.000854	0.306736
001	0.002991	0.000732	0.300452
011	0.003021	0.000305	0.294169
111	0.000336	-0.000824	0.287885
111	-0.002014	-0.000275	0.281602
111	-0.000214	-0.000214	0.275318
111	-0.000153	0.000275	0.269035
111	-0.000214	-0.000458	0.262751
111	0.001556	-0.001526	0.256467
110	0.002045	-0.004150	0.250184
100	0.000885	0.001099	0.243900
001	0.001801	0.001068	0.237617
011	-0.000610	-0.001007	0.231333
110	-0.000641	0.000488	0.225049
100	-0.001221	0.000336	0.218766
001	0.003174	0.001740	0.212482
011	0.001770	-0.003082	0.206199
111	-0.003448	-0.000427	0.199915
111	-0.002716	0.001190	0.193631
111	-0.003265	-0.001709	0.187348
111	-0.001160	-0.001404	0.181064
111	-0.001831	-0.000854	0.174781
111	-0.001801	0.002319	0.168497
110	0.000458	-0.000885	0.162214
100	0.000580	-0.000092	0.155930
001	0.001007	-0.000427	0.149646
011	0.003784	0.000488	0.143363
110	0.000000	0.002075	0.137079
100	-0.000336	-0.000122	0.130796
000	-0.000305	0.000000	0.124512
000	-0.001984	0.001617	0.118228
001	-0.002167	0.000488	0.111945
011	0.000763	0.000702	0.105661
110	0.000366	0.000793	0.099378
001	0.000000	-0.000580	0.093094
011	-0.000061	-0.000031	0.086811
111	0.000519	0.000061	0.080527
111	0.001129	0.000732	0.074243
111	0.001282	0.000427	0.067960
111	-0.001801	-0.000885	0.061676
111	-0.002045	-0.000488	0.055393
111	-0.000671	-0.001770	0.049109
110	-0.001343	-0.002747	0.042825
100	0.001129	-0.000580	0.036542
000	-0.000488	-0.000183	0.030258
000	-0.001526	-0.001068	0.023975
000	0.000763	-0.001282	0.017691
000	0.001587	-0.001770	0.011407
001	0.000183	0.000305	0.005124
011	0.001831	0.001221	-0.001160
111	0.000702	-0.001160	-0.007443
111	-0.000610	0.000153	-0.013727
110	-0.000305	-0.001282	-0.020010
100	-0.000702	0.000153	-0.026294
001	-0.001556	0.003204	-0.032578
011	-0.002106	0.002930	-0.038861
110	-0.000977	0.001556	-0.045145
100	0.002594	0.000427	-0.051428
001	-0.001892	-0.000824	-0.057712
011	-0.002777	-0.000702	-0.063996
110	0.000580	-0.000092	-0.070279
100	0.002472	-0.000122	-0.076563
000	0.000366	0.000885	-0.082846
000	-0.000763	0.001862	-0.089130
001	-0.002258	0.003754	-0.095414
011	-0.002075	0.000244	-0.101697
111	0.000885	-0.000336	-0.107981
111	0.000580	-0.001373	-0.114264
110	-0.000671	0.000977	-0.120548
100	-0.000763	0.002380	-0.126831
000	-0.000305	0.000580	-0.133115
000	0.000305	0.000671	-0.139399
000	0.002350	-0.001770	-0.145682
000	0.001923	0.000427	-0.151966
001	0.001190	0.001648	-0.158249
011	0.000366	0.001801	-0.164533
111	-0.000305	-0.001617	-0.170817
111	-0.000610	-0.001038	-0.177100
111	0.001099	-0.000031	-0.183384
111	-0.000641	-0.000580	-0.189667
111	-0.001648	-0.000946	-0.195951
111	0.000488	-0.000336	-0.202235
111	0.000549	-0.001678	-0.208518
111	-0.000427	-0.003204	-0.214802
111	0.000702	-0.000793	-0.221085
110	-0.001465	-0.001617	-0.227369
100	-0.002625	-0.000427	-0.233652
001	-0.002136	-0.000946	-0.239936
011	0.001495	0.001221	-0.246220
111	-0.000031	0.000458	-0.252503
111	-0.001312	0.000549	-0.258787
110	0.000793	0.001160	-0.265070
100	-0.000092	0.000610	-0.271354
001	-0.000916	-0.001190	-0.277638
011	-0.001343	0.000061	-0.283921
110	0.001526	-0.000092	-0.290205
100	0.000946	0.000275	-0.296488
000	-0.000092	-0.001770	-0.302772
000	-0.001526	-0.000763	-0.309055
000	-0.000610	0.001862	-0.315339
000	0.000610	-0.000122	-0.321623
001	-0.000122	-0.000763	-0.327906
011	0.002258	-0.001160	-0.334190
111	0.001038	0.001526	-0.340473
111	0.001587	0.001129	-0.346757
111	0.000244	-0.001251	-0.353041
111	-0.001007	-0.000031	-0.359324
110	0.000732	-0.002289	-0.365608
100	0.001740	-0.001465	-0.371891
001	0.000977	0.000427	-0.378175
011	0.000244	0.001373	-0.384459
111	-0.000763	-0.001312	-0.390742
111	0.001740	-0.001740	-0.397026
110	0.000702	0.000885	-0.403309
100	0.001038	0.001038	-0.409593
001	-0.001038	-0.001923	-0.415876
011	-0.000366	-0.002472	-0.422160
110	0.000610	-0.000305	-0.428444
100	0.000763	0.001221	-0.434727
001	0.001770	-0.000061	-0.441011
011	0.000732	0.001831	-0.447294
111	-0.002441	0.000061	-0.453578
110	-0.000916	0.000031	-0.459862
100	0.000641	0.000946	-0.466145
001	0.002625	0.000763	-0.472429
011	0.002747	-0.001862	-0.478712
110	0.001617	-0.001251	-0.484996
100	-0.001587	-0.000885	-0.491280
000	-0.000702	-0.002777	-0.497563
000	0.000702	-0.001862	-0.503847
000	0.001160	-0.002014	-0.510130
000	0.001160	-0.000671	-0.516414
001	0.000458	0.000031	-0.522697
011	0.001556	0.000183	-0.528981
111	-0.000122	-0.002289	-0.535265
111	-0.002136	-0.000305	-0.541548
111	0.000244	-0.000061	-0.547832
111	0.000885	-0.000214	-0.554115
111	0.000458	-0.000488	-0.560399
111	-0.001038	0.000214	-0.566683
111	0.000763	-0.000641	-0.572966
111	0.000854	-0.001068	-0.579250
110	0.000519	0.000854	-0.585533
100	-0.000305	-0.000031	-0.591817
000	-0.000580	0.000183	-0.598100
000	0.000214	0.000275	-0.604384
001	-0.001160	0.000916	-0.610668
011	-0.000488	0.000916	-0.616951
110	-0.001862	0.000366	-0.623235
100	-0.002808	0.000336	-0.629518
000	-0.002838	0.000549	-0.635802
000	-0.001465	-0.001312	-0.642086
001	0.000641	0.000946	-0.648369
011	-0.000610	0.000305	-0.654653
110	-0.001007	0.000488	-0.660936
100	0.001648	0.001038	-0.667220
001	-0.001740	-0.001190	-0.673504
011	0.000092	-0.000671	-0.679787
111	-0.000153	-0.001343	-0.686071
111	-0.003235	-0.000092	-0.692354
110	-0.001587	-0.000061	-0.698638
100	-0.000763	0.000153	-0.704921
001	-0.001221	0.001160	-0.711205
011	-0.002197	0.000793	-0.717489
100	-0.001404	-0.000641	-0.723772
001	0.000610	0.001373	-0.730056
011	-0.000763	0.001282	-0.736339
111	-0.000916	-0.001526	-0.742623
111	0.001312	-0.002594	-0.748907
110	0.001160	-0.000580	-0.755190
100	-0.002045	0.000275	-0.761474
001	-0.000214	0.001678	-0.767757
011	-0.001099	0.000519	-0.774041
111	-0.000305	-0.001221	-0.780325
111	0.001221	0.002045	-0.786608
111	0.001251	-0.000519	-0.792892
111	-0.000610	-0.001221	-0.799175
111	-0.000397	0.000519	-0.805459
111	0.000732	0.000671	-0.811742
111	0.001953	0.000488	-0.818026
111	0.000580	-0.000549	-0.824310
110	-0.000092	-0.000214	-0.830593
100	-0.000092	0.001678	-0.836877
000	-0.001038	-0.001373	-0.843160
000	0.000214	0.000763	-0.849444
000	-0.000458	-0.001526	-0.855728
000	0.002930	-0.002899	-0.862011
001	0.002747	0.000031	-0.868295
011	0.001709	0.000427	-0.874578
111	0.001831	-0.000427	-0.880862
111	0.002075	0.001038	-0.887146
110	-0.000244	0.001404	-0.893429
100	-0.001923	-0.000916	-0.899713
000	-0.001190	-0.000244	-0.905996
000	-0.001892	-0.001251	-0.912280
000	0.000488	-0.003754	-0.918563
000	0.001190	-0.002136	-0.924847
001	-0.000122	0.000183	-0.931131
011	0.000946	-0.001221	-0.937414
110	0.000275	-0.000763	-0.943698
100	-0.001465	-0.001007	-0.949981
000	-0.000214	0.000122	-0.956265
000	-0.001068	0.001862	-0.962549
000	0.000183	0.001465	-0.968832
000	0.000458	-0.000610	-0.975116
000	0.001190	0.000061	-0.981399
000	-0.001495	-0.000916	-0.987683
000	-0.001556	-0.000854	-0.993966
000	0.000305	-0.000397	-1.000250
000	0.001831	-0.000183	-1.006534
001	0.003479	0.000122	-1.012817
011	0.000671	-0.000061	-1.019101
110	-0.000580	-0.000305	-1.025384
100	0.000641	0.000397	-1.031668
000	-0.001312	-0.001129	-1.037952
000	0.000336	-0.000305	-1.044235
000	-0.002197	0.000336	-1.050519
000	-0.001862	0.000092	-1.056802
001	-0.002319	0.001007	-1.063086
011	-0.000702	0.000092	-1.069370
110	-0.000946	-0.001465	-1.075653
100	0.001984	-0.000122	-1.081937
000	-0.000061	-0.001221	-1.088220
000	-0.003479	-0.000702	-1.094504
000	0.001038	0.000671	-1.100787
000	0.002411	-0.002350	-1.107071
001	0.000488	-0.000793	-1.113355
011	0.000610	-0.002441	-1.119638
111	0.000916	-0.001129	-1.125922
111	0.001190	0.000061	-1.132205
111	0.002411	-0.000061	-1.138489
111	-0.000763	0.000671	-1.144773
111	-0.002960	0.000427	-1.151056
111	-0.001526	0.001556	-1.157340
111	0.001617	-0.001678	-1.163623
111	0.001648	-0.001892	-1.169907
111	-0.000885	-0.002197	-1.176191
111	-0.001343	-0.000031	-1.182474
110	0.000671	-0.000275	-1.188758
100	0.000549	0.000580	-1.195041
001	-0.001038	-0.000031	-1.201325
011	0.002075	-0.002014	-1.207608
111	0.003021	-0.000153	-1.213892
111	0.002045	-0.001038	-1.220176
111	0.001282	-0.001801	-1.226459
111	0.000977	-0.001404	-1.232743
110	-0.001007	0.002045	-1.239026
100	-0.002441	0.001038	-1.245310
000	0.002502	-0.001404	-1.251594
000	-0.000153	-0.000549	-1.257877
001	-0.000854	-0.000610	-1.264161
111	0.001434	0.000305	-1.270444
111	0.000153	0.000610	-1.276728
110	0.000793	-0.000763	-1.283011
100	0.002258	-0.002136	-1.289295
000	0.000122	0.001007	-1.295579
000	0.000244	-0.000763	-1.301862
000	0.002930	-0.000427	-1.308146
000	0.001373	0.000885	-1.314429
001	-0.000549	0.001678	-1.320713
011	0.001648	0.000488	-1.326997
110	0.001465	-0.000458	-1.333280
100	0.000366	-0.000275	-1.339564
001	-0.001587	0.000916	-1.345847
011	0.000031	-0.000244	-1.352131
110	0.000977	0.001312	-1.358415
100	0.000488	0.003723	-1.364698
000	0.000000	0.001953	-1.370982
000	-0.001526	0.000458	-1.377265
000	-0.000977	0.000031	-1.383549
000	-0.000458	0.000153	-1.389832
001	0.000641	0.000519	-1.396116
011	0.002441	-0.001770	-1.402400
111	-0.000671	-0.001099	-1.408683
111	0.000336	0.002167	-1.414967
111	0.001862	0.000854	-1.421250
111	0.000641	0.000275	-1.427534
111	0.000916	0.000610	-1.433818
111	-0.000244	0.000824	-1.440101
111	-0.000244	-0.003723	-1.446385
111	-0.000671	-0.000122	-1.452668
110	0.000061	-0.000214	-1.458952
100	0.000366	-0.004089	-1.465236
000	0.000946	-0.001221	-1.471519
000	-0.001434	0.000793	-1.477803
001	0.000793	-0.000397	-1.484086
011	0.000824	-0.000916	-1.490370
110	-0.001434	-0.002258	-1.496653
100	-0.000519	0.000549	-1.502937
001	-0.001007	-0.000916	-1.509221
011	-0.001465	-0.001190	-1.515504
111	0.001495	-0.000671	-1.521788
111	0.003357	-0.000244	-1.528071
111	0.000549	0.000031	-1.534355
110	0.000610	-0.000244	-1.540639
100	0.000610	-0.001068	-1.546922
001	-0.001434	0.001129	-1.553206
011	-0.000519	-0.001587	-1.559489
110	0.001129	-0.000671	-1.565773
100	0.001343	0.003418	-1.572057
001	0.000366	0.000214	-1.578340
011	0.001984	0.000183	-1.584624
111	0.000336	-0.001251	-1.590907
111	0.002075	-0.000549	-1.597191
111	-0.002441	0.000061	-1.603474
111	-0.003265	-0.001343	-1.609758
110	-0.000336	0.000061	-1.616042
100	0.001038	0.000061	-1.622325
001	-0.000732	0.001068	-1.628609
011	-0.000488	-0.000885	-1.634892
110	0.000732	0.000916	-1.641176
100	0.001465	0.002289	-1.647460
001	0.001801	0.002411	-1.653743
011	0.002716	0.002350	-1.660027
111	0.003601	0.000305	-1.666310
111	0.001892	0.002533	-1.672594
111	-0.001648	-0.000946	-1.678877
111	-0.000916	-0.000366	-1.685161
111	-0.001160	0.000977	-1.691445
111	0.000061	-0.002747	-1.697728
110	0.000885	-0.000336	-1.704012
100	0.000763	0.000977	-1.710295
001	-0.001709	0.001373	-1.716579
011	0.000427	0.001129	-1.722863
110	0.002136	-0.000671	-1.729146
100	0.001709	0.000732	-1.735430
001	-0.001556	0.001709	-1.741713
011	-0.000061	-0.000153	-1.747997
110	-0.000641	-0.001007	-1.754281
100	0.000549	0.000275	-1.760564
001	0.001801	0.001068	-1.766848
011	0.000763	0.000885	-1.773131
111	0.002014	0.001312	-1.779415
111	0.002228	0.000092	-1.785698
111	0.000031	0.000397	-1.791982
111	0.000092	-0.001404	-1.798266
110	-0.000732	-0.001099	-1.804549
100	-0.001495	0.002472	-1.810833
011	0.001312	0.002045	-1.817116
110	-0.000732	0.001007	-1.823400
100	-0.002350	-0.002625	-1.829684
001	-0.003021	-0.002289	-1.835967
011	0.000916	-0.000610	-1.842251
111	0.002380	0.001129	-1.848534
111	0.002716	0.000336	-1.854818
110	0.001404	-0.000092	-1.861102
100	0.000946	0.002167	-1.867385
001	-0.001740	0.000458	-1.873669
011	0.000244	-0.000061	-1.879952
110	0.002747	0.000366	-1.886236
100	-0.000183	0.000732	-1.892519
000	-0.001465	0.000549	-1.898803
000	-0.000793	0.000854	-1.905087
001	0.000000	0.000244	-1.911370
011	0.000488	-0.000122	-1.917654
111	-0.001373	-0.000244	-1.923937
111	-0.001709	-0.000061	-1.930221
110	0.001495	0.002838	-1.936505
100	0.000244	-0.000092	-1.942788
000	0.000580	0.001587	-1.949072
000	0.000977	0.000793	-1.955355
001	0.001312	0.000214	-1.961639
011	0.000458	0.001007	-1.967922
111	0.002228	0.001373	-1.974206
111	0.002716	0.003296	-1.980490
110	-0.000275	0.001831	-1.986773
100	0.000305	0.000671	-1.993057
001	-0.000854	0.001160	-1.999340
011	-0.001862	0.000305	-2.005624
110	-0.000519	-0.000946	-2.011908
100	-0.000946	0.000854	-2.018191
001	-0.000061	0.001526	-2.024475
011	0.002045	0.003540	-2.030758
110	0.001343	0.000641	-2.037042
100	0.000854	-0.000397	-2.043326
000	0.000977	0.001251	-2.049609
000	-0.000610	-0.001251	-2.055893
001	-0.001465	0.000031	-2.062176
011	0.000031	-0.001465	-2.068460
110	0.002472	-0.001495	-2.074743
100	-0.000214	0.000854	-2.081027
000	-0.001587	-0.002838	-2.087311
000	0.000000	-0.000305	-2.093594
000	-0.000458	0.000488	-2.099878
001	0.000519	0.000061	-2.106161
011	-0.000916	0.001495	-2.112445
110	0.000641	-0.000916	-2.118729
100	-0.000702	-0.000031	-2.125012
001	-0.001648	-0.000946	-2.131296
011	0.001221	-0.000061	-2.137579
110	0.003357	-0.000610	-2.143863
100	-0.001617	-0.000244	-2.150147
000	-0.000671	0.001709	-2.156430
000	-0.000793	0.000427	-2.162714
001	0.000671	-0.000183	-2.168997
011	0.001862	0.001404	-2.175281
111	0.001312	-0.000153	-2.181564
111	-0.002289	-0.001190	-2.187848
110	-0.000977	-0.001434	-2.194132
100	0.000671	-0.001648	-2.200415
000	-0.000275	-0.002075	-2.206699
000	-0.001099	-0.000153	-2.212982
001	0.000061	-0.002075	-2.219266
011	-0.000946	0.000824	-2.225550
111	0.002380	0.001678	-2.231833
111	0.001251	0.001099	-2.238117
111	-0.002197	0.002136	-2.244400
111	-0.001129	-0.001434	-2.250684
111	-0.000549	-0.001343	-2.256968
111	0.000183	-0.000641	-2.263251
110	0.000519	0.001709	-2.269535
100	0.001221	0.000122	-2.275818
000	-0.000458	-0.000549	-2.282102
000	-0.000427	-0.000610	-2.288385
000	0.001770	-0.001465	-2.294669
000	0.000702	-0.000946	-2.300953
000	-0.000031	0.000000	-2.307236
000	-0.001862	0.000214	-2.313520
001	-0.003479	-0.000793	-2.319803
011	-0.001068	-0.000854	-2.326087
111	-0.000275	0.000366	-2.332371
111	0.001862	0.001160	-2.338654
111	0.001709	0.001801	-2.344938
111	0.001373	0.001495	-2.351221
111	0.000641	-0.000397	-2.357505
110	0.001312	-0.001587	-2.363788
100	0.000458	0.001373	-2.370072
001	-0.000580	0.000061	-2.376356
011	-0.001862	0.000305	-2.382639
111	-0.000885	-0.000275	-2.388923
111	-0.000854	-0.001617	-2.395206
110	0.000671	-0.000183	-2.401490
100	-0.000641	-0.000885	-2.407774
000	0.000732	-0.002258	-2.414057
000	0.000519	-0.001007	-2.420341
001	-0.000702	0.000610	-2.426624
011	0.000244	-0.000305	-2.432908
110	0.001678	-0.000488	-2.439192
100	0.001556	0.001312	-2.445475
001	0.001068	0.001770	-2.451759
011	-0.001404	-0.002136	-2.458042
110	-0.002228	-0.002808	-2.464326
100	-0.003632	-0.001404	-2.470609
000	-0.001312	0.000122	-2.476893
000	0.000122	-0.000061	-2.483177
001	-0.001343	-0.000916	-2.489460
011	-0.000610	-0.000214	-2.495744
111	0.001251	-0.000977	-2.502027
111	0.000031	-0.000916	-2.508311
110	-0.000427	0.000732	-2.514595
100	0.000977	0.000610	-2.520878
000	-0.001282	-0.000061	-2.527162
000	-0.000854	-0.000519	-2.533445
000	-0.000183	-0.001465	-2.539729
000	0.000092	-0.001678	-2.546013
001	-0.003021	-0.001221	-2.552296
011	-0.000824	0.000702	-2.558580
111	-0.000641	0.000519	-2.564863
111	-0.000854	0.000885	-2.571147
111	0.000519	-0.001709	-2.577430
111	0.002380	0.000885	-2.583714
110	-0.000946	0.001556	-2.589998
100	-0.001801	0.000732	-2.596281
000	-0.004272	0.000244	-2.602565
000	0.000244	-0.000122	-2.608848
001	0.000580	0.004303	-2.615132
011	0.001648	0.002472	-2.621416
111	0.001984	0.000061	-2.627699
110	-0.000305	0.000092	-2.633983
100	-0.000336	-0.000366	-2.640266
000	-0.000397	0.001740	-2.646550
000	-0.000214	-0.001221	-2.652833
000	-0.001404	-0.001923	-2.659117
000	0.000824	0.000916	-2.665401
000	0.000153	-0.000305	-2.671684
000	0.000244	0.000000	-2.677968
000	0.000610	-0.001068	-2.684251
000	0.003052	-0.000153	-2.690535
001	-0.000153	-0.000366	-2.696819
011	-0.000519	-0.002167	-2.703102
111	0.001740	0.000336	-2.709386
111	0.000763	-0.002228	-2.715669
110	0.001343	-0.001007	-2.721953
100	0.000275	-0.001556	-2.728237
001	-0.000488	-0.002411	-2.734520
011	0.000214	-0.002930	-2.740804
111	0.000824	0.001038	-2.747087
111	-0.000061	0.001373	-2.753371
110	0.000061	0.000366	-2.759654
100	-0.000305	0.002289	-2.765938
000	-0.001465	-0.000305	-2.772222
000	-0.001190	-0.001923	-2.778505
000	0.000458	0.000397	-2.784789
000	-0.002655	0.000183	-2.791072
001	0.000397	-0.002167	-2.797356
011	0.001923	-0.001740	-2.803640
111	-0.001251	0.001495	-2.809923
111	-0.002289	0.003937	-2.816207
111	-0.001495	0.000183	-2.822490
111	-0.000793	-0.001831	-2.828774
110	0.000122	0.000824	-2.835058
100	0.001190	-0.001617	-2.841341
001	0.001465	-0.001892	-2.847625
011	-0.000732	-0.001495	-2.853908
111	-0.002625	-0.001892	-2.860192
111	-0.002197	-0.001190	-2.866475
110	0.001312	-0.000458	-2.872759
100	0.000458	0.000580	-2.879043
001	0.001587	0.000336	-2.885326
011	-0.000580	0.001404	-2.891610
110	0.000763	0.002167	-2.897893
100	-0.000610	0.000610	-2.904177
000	-0.000031	-0.000610	-2.910461
001	0.000732	0.002502	-2.916744
011	0.000732	0.000519	-2.923028
110	0.001862	-0.000366	-2.929311
100	0.001007	0.000854	-2.935595
001	0.000488	-0.001709	-2.941879
011	0.002380	-0.000336	-2.948162
110	-0.000946	0.000580	-2.954446
100	0.000244	-0.000916	-2.960729
001	0.000977	0.000488	-2.967013
011	0.000458	-0.000641	-2.973296
111	-0.000610	0.000610	-2.979580
111	-0.001373	0.000671	-2.985864
110	-0.000244	0.002563	-2.992147
100	0.001709	0.002380	-2.998431
001	0.002411	0.000214	-3.004714
011	-0.000061	0.001068	-3.010998
110	-0.001709	0.000061	-3.017282
100	0.000031	0.000061	-3.023565
000	-0.000458	0.000336	-3.029849
000	-0.000305	-0.001190	-3.036132
000	-0.001495	-0.002136	-3.042416
000	-0.001862	-0.001556	-3.048699
000	-0.000580	-0.001740	-3.054983
000	-0.001190	-0.001617	-3.061267
000	-0.000244	-0.001007	-3.067550
000	-0.002106	-0.000183	-3.073834
001	-0.002319	-0.000153	-3.080117
011	-0.000793	-0.002380	-3.086401
110	0.000488	-0.000610	-3.092685
100	0.000000	-0.000122	-3.098968
001	0.000610	-0.002075	-3.105252
011	0.000275	0.000702	-3.111535
111	0.000153	0.001556	-3.117819
111	0.002167	0.000641	-3.124103
110	-0.000031	-0.001129	-3.130386
100	0.000519	0.000000	-3.136670
001	-0.000549	0.002441	3.140232
011	0.000885	-0.001099	3.133948
111	-0.000244	-0.000244	3.127665
111	-0.002472	0.001129	3.121381
111	-0.000702	0.000336	3.115098
111	0.001465	0.000702	3.108814
111	0.002960	-0.000763	3.102530
111	0.004028	-0.002014	3.096247
111	0.001495	0.001251	3.089963
110	0.001404	0.000763	3.083680
100	-0.001892	-0.002686	3.077396
000	0.000092	0.001160	3.071113
000	-0.000488	-0.000885	3.064829
001	0.000885	-0.000793	3.058545
011	-0.002197	-0.000580	3.052262
110	0.000519	-0.001099	3.045978
100	0.000610	-0.001251	3.039695
001	-0.000732	0.000610	3.033411
011	-0.003143	-0.001129	3.027127
111	-0.001343	-0.000916	3.020844
111	0.001801	0.002289	3.014560
110	-0.000397	0.001434	3.008277
100	-0.000793	-0.000397	3.001993
000	-0.000549	-0.002411	2.995709
000	-0.000519	-0.001099	2.989426
001	0.000275	-0.002808	2.983142
011	0.000366	-0.001648	2.976859
110	-0.001648	-0.000854	2.970575
100	-0.002930	-0.001251	2.964292
000	0.000031	-0.000916	2.958008
000	0.001312	0.000305	2.951724
001	0.000946	-0.000275	2.945441
011	0.002930	0.000916	2.939157
110	0.000336	0.000336	2.932874
100	0.000793	-0.000458	2.926590
001	0.001984	0.002014	2.920306
011	0.003845	0.000427	2.914023
111	0.001862	0.001099	2.907739
111	-0.000031	-0.000122	2.901456
110	-0.000488	0.000031	2.895172
100	0.001312	-0.000916	2.888889
001	0.001740	0.000946	2.882605
011	-0.001404	0.000519	2.876321
111	-0.000580	-0.000610	2.870038
111	-0.001617	-0.000458	2.863754
111	-0.001160	0.001831	2.857471
111	0.002441	-0.000183	2.851187
111	0.001373	0.000061	2.844903
111	-0.000397	0.001953	2.838620
111	-0.000580	0.001038	2.832336
111	-0.000610	0.000458	2.826053
111	-0.000214	-0.001770	2.819769
110	-0.000092	-0.002441	2.813485
100	0.002045	-0.001373	2.807202
000	0.000519	-0.000122	2.800918
000	0.001099	-0.000031	2.794635
000	0.001068	-0.001343	2.788351
000	0.000641	-0.001617	2.782068
000	-0.000244	0.001038	2.775784
000	0.001587	-0.001953	2.769500
001	-0.002045	-0.001709	2.763217
011	-0.003601	-0.000244	2.756933
110	0.000244	0.001495	2.750650
100	0.001709	0.001526	2.744366
000	0.000061	0.001465	2.738082
000	-0.000854	-0.002411	2.731799
000	-0.000671	-0.002167	2.725515
000	0.001282	0.000061	2.719232
001	0.000916	-0.000336	2.712948
011	0.000092	-0.001068	2.706664
110	-0.000610	-0.000275	2.700381
100	-0.000671	-0.001984	2.694097
001	0.000183	-0.001251	2.687814
011	-0.001343	0.000244	2.681530
111	-0.002167	0.001343	2.675247
111	-0.001251	0.001770	2.668963
111	-0.002594	0.000122	2.662679
111	-0.001709	0.000031	2.656396
111	0.001617	-0.000153	2.650112
111	-0.001373	-0.000732	2.643829
111	-0.000916	-0.002167	2.637545
111	-0.000549	-0.000092	2.631261
111	-0.001160	0.000061	2.624978
111	0.000427	0.000153	2.618694
110	0.002289	-0.001129	2.612411
100	-0.000031	0.001526	2.606127
001	0.000397	0.001404	2.599844
011	0.000397	0.001587	2.593560
110	-0.002289	-0.001343	2.587276
100	-0.000092	-0.001190	2.580993
001	0.001892	0.000031	2.574709
011	0.000031	0.000977	2.568426
111	0.000488	-0.000092	2.562142
111	0.001343	-0.000427	2.555858
111	0.000977	0.001190	2.549575
111	0.001099	0.000061	2.543291
111	0.001129	0.001587	2.537008
110	0.001678	0.000885	2.530724
100	-0.000092	-0.002106	2.524440
001	-0.001617	-0.002014	2.518157
011	-0.000122	-0.001251	2.511873
111	-0.000916	-0.001801	2.505590
111	0.000122	-0.000763	2.499306
111	-0.000610	0.000519	2.493023
111	-0.001221	0.000671	2.486739
111	0.000519	-0.001495	2.480455
111	-0.000214	-0.001770	2.474172
110	-0.000671	-0.003204	2.467888
100	0.000122	-0.001221	2.461605
000	-0.000488	0.000275	2.455321
000	-0.000336	0.001678	2.449037
001	0.000000	0.000092	2.442754
011	0.001282	-0.000549	2.436470
110	-0.000275	0.001007	2.430187
100	-0.001007	-0.001831	2.423903
001	-0.000214	-0.002167	2.417619
011	0.001373	-0.000336	2.411336
110	0.003418	0.000793	2.405052
100	-0.000336	0.000824	2.398769
000	0.001740	-0.000946	2.392485
000	0.000275	-0.000519	2.386202
000	-0.001007	0.000885	2.379918
000	0.001373	-0.000580	2.373634
001	0.002197	-0.000763	2.367351
011	0.002045	-0.000275	2.361067
111	-0.000122	0.001312	2.354784
111	-0.001617	0.001587	2.348500
110	0.000214	-0.000427	2.342216
100	0.000885	-0.003082	2.335933
000	-0.001038	0.000336	2.329649
000	-0.000427	0.000244	2.323366
001	-0.000183	-0.000977	2.317082
011	-0.001282	0.001251	2.310798
111	0.001068	-0.000122	2.304515
111	-0.000366	0.000397	2.298231
111	0.000031	0.002045	2.291948
111	-0.001343	-0.000336	2.285664
111	-0.001770	0.000031	2.279381
111	0.000397	0.001465	2.273097
111	-0.001648	-0.001282	2.266813
110	0.000061	0.000641	2.260530
100	0.000275	0.000610	2.254246
001	0.001099	-0.001404	2.247963
011	0.001068	-0.002197	2.241679
111	-0.000122	0.000000	2.235395
111	-0.000275	0.002533	2.229112
110	0.001038	0.001221	2.222828
100	-0.001312	0.000031	2.216545
000	-0.000519	-0.000122	2.210261
000	0.001770	0.001770	2.203978
001	0.001007	0.001953	2.197694
011	-0.000153	0.001526	2.191410
110	-0.000183	0.002777	2.185127
100	0.001953	0.000977	2.178843
000	0.001221	-0.000641	2.172560
000	-0.002106	-0.002258	2.166276
000	-0.000183	-0.000763	2.159992
000	0.000092	0.002655	2.153709
001	-0.000092	-0.000214	2.147425
011	-0.002136	0.000671	2.141142
111	0.000671	0.002869	2.134858
111	0.001434	0.001038	2.128574
110	-0.001221	0.001099	2.122291
100	0.000610	-0.000336	2.116007
000	0.001648	-0.000763	2.109724
000	0.000427	-0.001099	2.103440
000	-0.000366	-0.001709	2.097157
000	0.001099	0.000702	2.090873
000	0.002106	0.001892	2.084589
000	-0.000397	-0.001251	2.078306
001	-0.000092	0.002594	2.072022
011	0.002411	0.002289	2.065739
110	0.001740	0.000916	2.059455
100	-0.000641	0.000000	2.053171
000	0.000732	-0.000671	2.046888
000	-0.000397	-0.000488	2.040604
000	-0.000122	-0.000946	2.034321
000	0.000671	-0.000671	2.028037
000	0.000305	-0.001953	2.021753
000	0.001740	-0.000427	2.015470
000	-0.000916	-0.000885	2.009186
000	0.000092	-0.000793	2.002903
000	-0.000092	-0.000946	1.996619
001	0.000214	0.000031	1.990336
011	-0.000763	-0.000183	1.984052
110	-0.001526	-0.001312	1.977768
100	0.000854	-0.000763	1.971485
000	0.001465	-0.002441	1.965201
000	-0.000702	-0.000519	1.958918
000	0.000977	-0.001862	1.952634
000	0.001587	0.001007	1.946350
000	0.001312	0.002014	1.940067
000	0.001709	0.000824	1.933783
000	0.002167	0.000092	1.927500
000	-0.000244	-0.000488	1.921216
000	-0.002930	0.000916	1.914933
000	0.000305	0.000061	1.908649
000	0.001373	0.002625	1.902365
000	0.000305	0.001129	1.896082
000	0.000214	0.000183	1.889798
000	-0.000214	-0.002075	1.883515
001	0.000366	-0.003021	1.877231
011	0.000275	0.002594	1.870947
110	-0.000275	-0.000214	1.864664
100	0.001831	-0.000122	1.858380
001	0.000336	0.000671	1.852097
011	-0.000854	-0.001648	1.845813
111	0.000122	-0.000702	1.839529
111	0.001312	0.000885	1.833246
110	0.001221	0.000641	1.826962
100	0.000397	-0.000610	1.820679
000	0.001892	-0.001221	1.814395
000	0.000732	-0.000427	1.808112
000	0.000092	-0.000458	1.801828
000	-0.000458	0.000000	1.795544
000	0.000061	0.001404	1.789261
000	0.001526	0.001648	1.782977
000	0.000092	-0.001068	1.776694
000	-0.000061	0.001740	1.770410
001	0.002167	-0.002197	1.764126
011	0.000336	-0.001831	1.757843
110	-0.000427	0.001770	1.751559
100	0.000061	-0.000824	1.745276
000	-0.000122	-0.001099	1.738992
000	0.001282	-0.000702	1.732708
000	-0.000366	0.002533	1.726425
001	-0.000092	0.001129	1.720141
011	-0.000275	-0.003235	1.713858
110	0.001007	0.001099	1.707574
100	0.001862	0.001923	1.701291
001	0.003967	0.002563	1.695007
011	0.001801	0.000061	1.688723
111	-0.001190	0.001587	1.682440
111	-0.003296	0.002136	1.676156
110	0.001312	0.001648	1.669873
100	0.000397	0.002136	1.663589
000	0.000641	0.000885	1.657305
000	0.000427	0.000916	1.651022
000	0.003052	-0.000397	1.644738
000	0.002869	-0.000397	1.638455
000	0.001526	-0.001984	1.632171
000	0.000031	-0.002502	1.625887
000	0.001221	-0.000977	1.619604
000	0.000092	-0.000671	1.613320
000	-0.001434	-0.002319	1.607037
000	-0.001892	-0.001465	1.600753
000	0.000610	0.001648	1.594470
000	-0.000214	0.001068	1.588186
000	0.000519	-0.002167	1.581902
000	0.001923	-0.000580	1.575619
001	0.000275	-0.000549	1.569335
011	0.001160	0.001434	1.563052
111	-0.000336	-0.000092	1.556768
111	0.000000	0.000153	1.550484
111	-0.000580	-0.001190	1.544201
111	-0.000214	-0.001923	1.537917
110	0.001617	-0.000061	1.531634
100	0.001007	-0.001678	1.525350
001	-0.000702	-0.000977	1.519067
011	0.001312	-0.000671	1.512783
111	0.001190	0.001587	1.506499
111	-0.000031	-0.001770	1.500216
110	-0.000549	-0.001862	1.493932
100	-0.001221	-0.001038	1.487649
000	0.000916	-0.000885	1.481365
000	-0.000214	-0.001709	1.475081
011	0.000610	0.001007	1.468798
110	-0.002869	-0.000946	1.462514
100	-0.001373	0.000397	1.456231
001	-0.000977	0.001282	1.449947
011	0.000153	0.001343	1.443663
110	0.000214	0.001251	1.437380
100	-0.001617	0.000610	1.431096
001	0.000153	-0.001099	1.424813
011	-0.001038	-0.000305	1.418529
111	-0.001282	0.000702	1.412246
111	-0.000122	0.000366	1.405962
111	0.000641	-0.002808	1.399678
111	0.000580	-0.001862	1.393395
111	0.001068	-0.000702	1.387111
111	0.000580	0.000214	1.380828
110	-0.000366	0.001038	1.374544
100	-0.001862	-0.001862	1.368260
001	0.001312	-0.001770	1.361977
011	0.000671	-0.000732	1.355693
110	-0.002625	0.000153	1.349410
100	-0.000458	-0.000366	1.343126
001	0.001831	0.000610	1.336842
011	0.000244	0.001007	1.330559
110	-0.000763	-0.000732	1.324275
100	-0.000824	-0.000183	1.317992
000	0.000183	0.000397	1.311708
000	-0.000305	0.001312	1.305425
000	0.002869	0.000427	1.299141
000	0.001709	0.000977	1.292857
000	-0.001068	0.002014	1.286574
000	0.001282	0.001892	1.280290
001	0.000641	0.001404	1.274007
011	-0.000610	-0.001129	1.267723
111	-0.000366	0.000183	1.261439
111	-0.000946	0.000580	1.255156
110	0.001068	0.000458	1.248872
100	0.000793	0.001556	1.242589
001	0.001556	0.000427	1.236305
011	-0.000488	0.000305	1.230022
110	-0.001648	-0.000702	1.223738
100	0.000610	-0.000397	1.217454
000	-0.001038	-0.000519	1.211171
000	-0.000305	-0.004547	1.204887
001	-0.001709	-0.003052	1.198604
111	0.000885	-0.001801	1.192320
111	0.002167	0.001556	1.186036
110	-0.002319	0.003021	1.179753
100	0.001129	-0.000275	1.173469
000	0.001709	-0.001495	1.167186
000	-0.000122	0.002014	1.160902
000	-0.000092	0.001007	1.154618
000	0.001465	0.000244	1.148335
000	0.002258	-0.001648	1.142051
000	0.000885	0.000153	1.135768
001	0.001007	0.000031	1.129484
011	0.000336	0.000153	1.123201
110	0.001038	-0.000671	1.116917
100	-0.000519	-0.000885	1.110633
000	-0.001038	0.001465	1.104350
000	0.000793	-0.000244	1.098066
000	-0.000244	-0.001099	1.091783
000	-0.001129	-0.000366	1.085499
001	0.000244	0.000031	1.079215
011	0.000732	-0.000366	1.072932
111	-0.001770	0.001129	1.066648
111	-0.000061	-0.000031	1.060365
111	-0.001099	-0.001251	1.054081
111	-0.001862	-0.001007	1.047797
110	-0.001617	-0.003021	1.041514
100	-0.000580	-0.002197	1.035230
000	-0.000916	-0.001495	1.028947
000	0.001282	-0.001740	1.022663
001	-0.001007	0.000000	1.016380
011	-0.001587	0.001801	1.010096
111	-0.000671	0.002625	1.003812
111	-0.001984	0.002167	0.997529
111	-0.001740	0.000275	0.991245
111	-0.000122	-0.000854	0.984962
111	-0.001129	-0.002380	0.978678
111	0.000397	-0.000427	0.972394
110	0.000397	-0.001068	0.966111
100	-0.000885	0.000580	0.959827
001	-0.000183	0.000732	0.953544
011	-0.002319	0.000702	0.947260
111	-0.003082	0.000580	0.940976
111	-0.001190	0.001068	0.934693
110	-0.002502	0.000061	0.928409
000	0.000244	-0.000458	0.922126
000	0.001038	-0.001282	0.915842
000	0.001312	-0.001434	0.909559
000	-0.000305	-0.001129	0.903275
001	0.000183	-0.001434	0.896991
