0.000000	0.000000	0.000000	011
-0.000811	-0.000811	0.000811	111
-0.003465	-0.003465	-0.001843	111
-0.004316	-0.004316	-0.002693	111
-0.004158	-0.004158	-0.002535	111
-0.003772	-0.003772	-0.002149	111
-0.003684	-0.003684	-0.002061	111
-0.003346	-0.003346	-0.001724	111
-0.002940	-0.002940	-0.001318	111
-0.004592	-0.004592	-0.002969	111
-0.005828	-0.005828	-0.004206	111
-0.005550	-0.005550	-0.003928	110
-0.004023	-0.007077	-0.005455	100
-0.004545	-0.007599	-0.004934	001
-0.005447	-0.006697	-0.004032	011
-0.007287	-0.008538	-0.002191	110
-0.005621	-0.010204	-0.003857	100
-0.006851	-0.011434	-0.002627	000
-0.007284	-0.011867	-0.003060	000
-0.007001	-0.011584	-0.002777	001
-0.007336	-0.011248	-0.002442	011
-0.008023	-0.011935	-0.001756	110
-0.009813	-0.010144	0.000035	100
-0.008963	-0.009293	-0.000815	001
-0.009314	-0.008943	-0.000464	011
-0.008928	-0.008557	-0.000850	110
-0.008932	-0.008552	-0.000846	100
-0.010860	-0.010480	0.001082	000
-0.012147	-0.011767	-0.000206	000
-0.012092	-0.011711	-0.000150	001
-0.009594	-0.014209	-0.002648	011
-0.011423	-0.016039	-0.000819	111
-0.011778	-0.016394	-0.001175	111
-0.010535	-0.015150	0.000069	111
-0.009877	-0.014493	0.000726	111
-0.011044	-0.015659	-0.000440	111
-0.012027	-0.016643	-0.001424	111
-0.011772	-0.016387	-0.001168	110
-0.012883	-0.015276	-0.000057	100
-0.012753	-0.015146	-0.000187	001
-0.012902	-0.014997	-0.000037	011
-0.011788	-0.013882	-0.001152	110
-0.010067	-0.015603	-0.002872	001
-0.009488	-0.016182	-0.003451	011
-0.009370	-0.016064	-0.003569	111
-0.010326	-0.017020	-0.004525	111
-0.008734	-0.015427	-0.002933	110
-0.008451	-0.015710	-0.003215	100
-0.006631	-0.013890	-0.005035	001
-0.006701	-0.013820	-0.004965	011
-0.005141	-0.012260	-0.006525	110
-0.005293	-0.012109	-0.006374	100
-0.005062	-0.011878	-0.006605	000
-0.005076	-0.011892	-0.006619	000
-0.005545	-0.012361	-0.007088	001
-0.006325	-0.011582	-0.006309	011
-0.008111	-0.013369	-0.004522	110
-0.009707	-0.011773	-0.002926	100
-0.010449	-0.012515	-0.002184	001
-0.009554	-0.013411	-0.003080	011
-0.010488	-0.014345	-0.002145	110
-0.010642	-0.014191	-0.001992	100
-0.010788	-0.014337	-0.001846	001
-0.009119	-0.016007	-0.003515	011
-0.007624	-0.014512	-0.005010	111
-0.005237	-0.012125	-0.002623	111
-0.004350	-0.011238	-0.001735	111
-0.004363	-0.011251	-0.001748	111
-0.006670	-0.013558	-0.004055	111
-0.008008	-0.014895	-0.005393	111
-0.008593	-0.015481	-0.005978	111
-0.009327	-0.016215	-0.006712	111
-0.009459	-0.016346	-0.006844	110
-0.009845	-0.015960	-0.006457	100
-0.011606	-0.017721	-0.004696	000
-0.012758	-0.018872	-0.005848	000
-0.011499	-0.017613	-0.004588	000
-0.013544	-0.019659	-0.006634	000
-0.016457	-0.022571	-0.009546	000
-0.017514	-0.023628	-0.010603	000
-0.017814	-0.023928	-0.010903	000
-0.018043	-0.024157	-0.011132	000
-0.017731	-0.023846	-0.010821	001
-0.017783	-0.023794	-0.010769	011
-0.018457	-0.024468	-0.010095	110
-0.018512	-0.024414	-0.010040	001
-0.018757	-0.024168	-0.009795	011
-0.016963	-0.022374	-0.011589	110
-0.016454	-0.022883	-0.012098	100
-0.017226	-0.023656	-0.011326	000
-0.016632	-0.023062	-0.010732	000
-0.016130	-0.022560	-0.010230	001
-0.015974	-0.022715	-0.010386	011
-0.015593	-0.022334	-0.010767	111
-0.013755	-0.020496	-0.008928	111
-0.015193	-0.021935	-0.010367	110
-0.016067	-0.021061	-0.009493	100
-0.017069	-0.022063	-0.008491	001
-0.017210	-0.021923	-0.008350	011
-0.017299	-0.022013	-0.008261	111
-0.016899	-0.021612	-0.007860	111
-0.017631	-0.022344	-0.008592	111
-0.018061	-0.022775	-0.009023	111
-0.018398	-0.023111	-0.009359	110
-0.019523	-0.021986	-0.008234	100
-0.020775	-0.023238	-0.006982	000
-0.021173	-0.023636	-0.007380	000
-0.021679	-0.024142	-0.007886	001
-0.023353	-0.022468	-0.006212	011
-0.023644	-0.022758	-0.005922	111
-0.024718	-0.023833	-0.006997	111
-0.021713	-0.020827	-0.003991	110
-0.021958	-0.020582	-0.003745	100
-0.018764	-0.017388	-0.006939	000
-0.018384	-0.017007	-0.006559	000
-0.016849	-0.015473	-0.005024	000
-0.018450	-0.017073	-0.006624	000
-0.017642	-0.016265	-0.005817	000
-0.017363	-0.015987	-0.005538	000
-0.018175	-0.016799	-0.006350	001
-0.018607	-0.016367	-0.005919	011
-0.018006	-0.015767	-0.006519	111
-0.018907	-0.016667	-0.007419	111
-0.019544	-0.017304	-0.008057	111
-0.019900	-0.017660	-0.008413	111
-0.021940	-0.019700	-0.010452	110
-0.021736	-0.019903	-0.010656	100
-0.021323	-0.019490	-0.011069	000
-0.021925	-0.020092	-0.011670	000
-0.022326	-0.020493	-0.012071	011
-0.021122	-0.019289	-0.013275	111
-0.018556	-0.016723	-0.010710	111
-0.019433	-0.017600	-0.011586	111
-0.019684	-0.017851	-0.011838	111
-0.020355	-0.018522	-0.012509	110
-0.019151	-0.019727	-0.013714	100
-0.018495	-0.019070	-0.014370	001
-0.019477	-0.018088	-0.013387	011
-0.018769	-0.017380	-0.014095	111
-0.019169	-0.017780	-0.014494	111
-0.018634	-0.017245	-0.013960	111
-0.017871	-0.016481	-0.013196	111
-0.020227	-0.018838	-0.015552	110
-0.020777	-0.018288	-0.015003	100
-0.020690	-0.018202	-0.015089	001
-0.021468	-0.017424	-0.014311	011
-0.021107	-0.017064	-0.014672	110
-0.021712	-0.016459	-0.014067	100
-0.020231	-0.014978	-0.015548	000
-0.020436	-0.015183	-0.015753	000
-0.019981	-0.014728	-0.015298	001
-0.020832	-0.013878	-0.014448	011
-0.021061	-0.014107	-0.014218	111
-0.019307	-0.012353	-0.012464	111
-0.021450	-0.014496	-0.014606	110
-0.020424	-0.015521	-0.015632	100
-0.018818	-0.013916	-0.017238	000
-0.017087	-0.012185	-0.015507	000
-0.018294	-0.013391	-0.016714	000
-0.017968	-0.013066	-0.016388	000
-0.016633	-0.011731	-0.015053	000
-0.018068	-0.013166	-0.016488	000
-0.019858	-0.014956	-0.018278	000
-0.021092	-0.016190	-0.019512	000
-0.021464	-0.016561	-0.019884	000
-0.021746	-0.016844	-0.020166	000
-0.021700	-0.016797	-0.020119	000
-0.022924	-0.018022	-0.021344	000
-0.023772	-0.018870	-0.022192	001
-0.023577	-0.019065	-0.022387	011
-0.024333	-0.019821	-0.021630	111
-0.023765	-0.019253	-0.021063	111
-0.024294	-0.019781	-0.021591	111
-0.025538	-0.021026	-0.022835	110
-0.026361	-0.020203	-0.022013	100
-0.027697	-0.021539	-0.020677	001
-0.026886	-0.022350	-0.021487	011
-0.028168	-0.023632	-0.020205	111
-0.028494	-0.023958	-0.020530	111
-0.027622	-0.023086	-0.019659	110
-0.028099	-0.022608	-0.019181	100
-0.028369	-0.022878	-0.018911	000
-0.029443	-0.023952	-0.019985	000
-0.029596	-0.024105	-0.020138	001
-0.029484	-0.024218	-0.020251	011
-0.030207	-0.024941	-0.019527	111
-0.029423	-0.024157	-0.018743	111
-0.030047	-0.024781	-0.019367	111
-0.027747	-0.022481	-0.017067	111
-0.028900	-0.023634	-0.018220	110
-0.030515	-0.022019	-0.016605	100
-0.030704	-0.022208	-0.016415	000
-0.031046	-0.022550	-0.016757	000
-0.030861	-0.022364	-0.016572	001
-0.032647	-0.020578	-0.014785	011
-0.033270	-0.021200	-0.014162	111
-0.032926	-0.020856	-0.013818	111
-0.029536	-0.017467	-0.010429	111
-0.029190	-0.017120	-0.010083	111
-0.031733	-0.019664	-0.012626	110
-0.031187	-0.020210	-0.013172	100
-0.030720	-0.019743	-0.013639	001
-0.031614	-0.018849	-0.012745	011
-0.031474	-0.018709	-0.012885	110
-0.030714	-0.019469	-0.013645	100
-0.031230	-0.019985	-0.013129	001
-0.029419	-0.021796	-0.014940	011
-0.028659	-0.021035	-0.015700	110
-0.030490	-0.019204	-0.013869	100
-0.031131	-0.019844	-0.013228	000
-0.030773	-0.019487	-0.012871	000
-0.031519	-0.020232	-0.013616	000
-0.032958	-0.021672	-0.015056	000
-0.031690	-0.020404	-0.013788	001
-0.032695	-0.019400	-0.012784	011
-0.032958	-0.019663	-0.012520	111
-0.031335	-0.018039	-0.010897	111
-0.031405	-0.018109	-0.010967	111
-0.031981	-0.018686	-0.011543	110
-0.032216	-0.018451	-0.011309	100
-0.030844	-0.017080	-0.012680	000
-0.029751	-0.015986	-0.011587	000
-0.029951	-0.016186	-0.011786	001
-0.029459	-0.016677	-0.012278	011
-0.031373	-0.018591	-0.010364	110
-0.032174	-0.017790	-0.009563	100
-0.032678	-0.018295	-0.009059	001
-0.032589	-0.018384	-0.009148	011
-0.033285	-0.019080	-0.008452	111
-0.032874	-0.018669	-0.008040	111
-0.032286	-0.018081	-0.007452	110
-0.033113	-0.017254	-0.006625	100
-0.032925	-0.017066	-0.006813	001
-0.033063	-0.016927	-0.006675	011
-0.032655	-0.016519	-0.007083	111
-0.032268	-0.016133	-0.006696	111
-0.030734	-0.014599	-0.005162	110
-0.030158	-0.015175	-0.005739	100
-0.029930	-0.014947	-0.005967	001
-0.028570	-0.016307	-0.007327	011
-0.029560	-0.017296	-0.006337	110
-0.028596	-0.018260	-0.007301	100
-0.028317	-0.017980	-0.007580	000
-0.028732	-0.018396	-0.007996	000
-0.028070	-0.017733	-0.007334	001
-0.028887	-0.016916	-0.006516	011
-0.028968	-0.016996	-0.006436	111
-0.027888	-0.015917	-0.005356	111
-0.028244	-0.016273	-0.005712	110
-0.027877	-0.016640	-0.006079	100
-0.027967	-0.016730	-0.005990	001
-0.029307	-0.015389	-0.004649	011
-0.030845	-0.016927	-0.003112	111
-0.031944	-0.018026	-0.004211	111
-0.032319	-0.018401	-0.004586	111
-0.033108	-0.019189	-0.005374	111
-0.032846	-0.018928	-0.005113	110
-0.032957	-0.018818	-0.005003	100
-0.033894	-0.019755	-0.004065	001
-0.033738	-0.019911	-0.004221	111
-0.034628	-0.020800	-0.005111	111
-0.037522	-0.023695	-0.008005	111
-0.040110	-0.026283	-0.010593	111
-0.040318	-0.026490	-0.010801	111
-0.038980	-0.025153	-0.009463	111
-0.036618	-0.022790	-0.007101	110
-0.037545	-0.021863	-0.006174	100
-0.037019	-0.021338	-0.006699	000
-0.037126	-0.021444	-0.006806	000
-0.038657	-0.022976	-0.008337	001
-0.038738	-0.022895	-0.008257	011
-0.038625	-0.022783	-0.008369	110
-0.036764	-0.024644	-0.010230	100
-0.034781	-0.022661	-0.012213	000
-0.037331	-0.025210	-0.014763	000
-0.038328	-0.026207	-0.015759	000
-0.036981	-0.024860	-0.014412	000
-0.037433	-0.025312	-0.014865	001
-0.035704	-0.027042	-0.016594	011
-0.031995	-0.023333	-0.020303	110
-0.034796	-0.020532	-0.017502	100
-0.033685	-0.019422	-0.018613	001
-0.032818	-0.020289	-0.019480	011
-0.033063	-0.020534	-0.019235	110
-0.031412	-0.022186	-0.020886	100
-0.030885	-0.021659	-0.021413	000
-0.031224	-0.021998	-0.021752	000
-0.030180	-0.020954	-0.020708	001
-0.031075	-0.020059	-0.019813	011
-0.033074	-0.022059	-0.017813	110
-0.034103	-0.021029	-0.016784	100
-0.035423	-0.022349	-0.015465	000
-0.034409	-0.021335	-0.014450	000
-0.033446	-0.020372	-0.013488	000
-0.032582	-0.019508	-0.012624	000
-0.033427	-0.020353	-0.013469	001
-0.032841	-0.020940	-0.014055	011
-0.032910	-0.021009	-0.013986	111
-0.033417	-0.021516	-0.014493	111
-0.035338	-0.023437	-0.016414	111
-0.036079	-0.024178	-0.017155	111
-0.033931	-0.022030	-0.015008	110
-0.033959	-0.022003	-0.014980	000
-0.034039	-0.022084	-0.015061	000
-0.034240	-0.022284	-0.015261	000
-0.036053	-0.024098	-0.017075	000
-0.038312	-0.026357	-0.019334	000
-0.039070	-0.027115	-0.020092	000
-0.040562	-0.028607	-0.021584	000
-0.039690	-0.027735	-0.020712	000
-0.040244	-0.028288	-0.021266	001
-0.040357	-0.028175	-0.021152	011
-0.041031	-0.028849	-0.020478	111
-0.041867	-0.029685	-0.021314	111
-0.040640	-0.028458	-0.020087	111
-0.041615	-0.029433	-0.021063	111
-0.042569	-0.030387	-0.022017	110
-0.041996	-0.030961	-0.022590	100
-0.043147	-0.032112	-0.021440	000
-0.043147	-0.032112	-0.021440	000
-0.043555	-0.032520	-0.021848	001
-0.043440	-0.032635	-0.021963	011
-0.045251	-0.034445	-0.020152	110
-0.046415	-0.033281	-0.018988	100
-0.048403	-0.035270	-0.016999	001
-0.049164	-0.034509	-0.016239	011
-0.047318	-0.032663	-0.018085	111
-0.046805	-0.032150	-0.017572	111
-0.046858	-0.032204	-0.017625	111
-0.045771	-0.031117	-0.016538	111
-0.049628	-0.034974	-0.020396	111
-0.050920	-0.036266	-0.021688	111
-0.050375	-0.035721	-0.021142	110
-0.048065	-0.038030	-0.023452	100
-0.047502	-0.037467	-0.024016	000
-0.046986	-0.036951	-0.023500	000
-0.047094	-0.037059	-0.023609	001
-0.046491	-0.037663	-0.024212	011
-0.046328	-0.037499	-0.024376	110
-0.045498	-0.038329	-0.025205	100
-0.046030	-0.038861	-0.024673	001
-0.044778	-0.040113	-0.025925	011
-0.046558	-0.041892	-0.024145	111
-0.049221	-0.044555	-0.026808	111
-0.048875	-0.044210	-0.026463	111
-0.048034	-0.043368	-0.025621	111
-0.048347	-0.043682	-0.025935	100
-0.048750	-0.044085	-0.025532	000
-0.047926	-0.043260	-0.024707	000
-0.048106	-0.043440	-0.024887	001
-0.049088	-0.042459	-0.023906	011
-0.048963	-0.042334	-0.024030	110
-0.049077	-0.042220	-0.023917	100
-0.046913	-0.040057	-0.026080	001
-0.049304	-0.037665	-0.023689	011
-0.049147	-0.037508	-0.023846	111
-0.050122	-0.038483	-0.024821	111
-0.050307	-0.038668	-0.025006	111
-0.048266	-0.036626	-0.022965	111
-0.047019	-0.035380	-0.021719	110
-0.045963	-0.036436	-0.022775	100
-0.044391	-0.034864	-0.024347	001
-0.045657	-0.033598	-0.023081	011
-0.045841	-0.033782	-0.022897	111
-0.046600	-0.034542	-0.023656	111
-0.047114	-0.035056	-0.024170	111
-0.045928	-0.033869	-0.022984	111
-0.046720	-0.034661	-0.023776	111
-0.047712	-0.035653	-0.024767	111
-0.048726	-0.036668	-0.025782	111
-0.049768	-0.037709	-0.026824	111
-0.049813	-0.037754	-0.026869	110
-0.048624	-0.038944	-0.028058	100
-0.046792	-0.037112	-0.029890	001
-0.047976	-0.035928	-0.028706	011
-0.048301	-0.036253	-0.028381	111
-0.047561	-0.035513	-0.027640	111
-0.046455	-0.034407	-0.026535	110
-0.046080	-0.034782	-0.026910	100
-0.045251	-0.033954	-0.027739	001
-0.045710	-0.033495	-0.027280	011
-0.044983	-0.032767	-0.028008	110
-0.045957	-0.031793	-0.027034	100
-0.044116	-0.029952	-0.028875	001
-0.044038	-0.030030	-0.028953	011
-0.043514	-0.029507	-0.029476	111
-0.045655	-0.031647	-0.031616	111
-0.045765	-0.031757	-0.031726	110
-0.045273	-0.032248	-0.032217	100
-0.045760	-0.032735	-0.031731	011
-0.042541	-0.029516	-0.034949	110
-0.042597	-0.029460	-0.034893	100
-0.040423	-0.027286	-0.037068	000
-0.043170	-0.030033	-0.039815	000
-0.043611	-0.030474	-0.040256	000
-0.045017	-0.031880	-0.041662	000
-0.046000	-0.032863	-0.042644	000
-0.046905	-0.033768	-0.043550	000
-0.047422	-0.034285	-0.044067	001
-0.045765	-0.035942	-0.045724	011
-0.046803	-0.036981	-0.044686	110
-0.043765	-0.040019	-0.047725	100
-0.041396	-0.037650	-0.050094	000
-0.041103	-0.037358	-0.049801	000
-0.040095	-0.036350	-0.048793	000
-0.040919	-0.037174	-0.049618	000
-0.041090	-0.037344	-0.049788	000
-0.042565	-0.038819	-0.051263	000
-0.043116	-0.039370	-0.051814	001
-0.045435	-0.037052	-0.049495	011
-0.043527	-0.035144	-0.051404	110
-0.045774	-0.032897	-0.049157	100
-0.046775	-0.033898	-0.048155	001
-0.047321	-0.033352	-0.047609	011
-0.048756	-0.034787	-0.046175	110
-0.049236	-0.034307	-0.045695	100
-0.048133	-0.033204	-0.046797	001
-0.046344	-0.034993	-0.048586	011
-0.044925	-0.033574	-0.050005	111
-0.044040	-0.032689	-0.049120	111
-0.043729	-0.032379	-0.048810	111
-0.043223	-0.031872	-0.048303	111
-0.041394	-0.030043	-0.046474	110
-0.043489	-0.027948	-0.044379	100
-0.043770	-0.028228	-0.044098	000
-0.043522	-0.027981	-0.043851	000
-0.043966	-0.028424	-0.044294	000
-0.044159	-0.028618	-0.044487	000
-0.044614	-0.029073	-0.044942	001
-0.043924	-0.029763	-0.045633	011
-0.045839	-0.031679	-0.043717	111
-0.046539	-0.032379	-0.044417	111
-0.049034	-0.034873	-0.046912	100
-0.046123	-0.031963	-0.049822	000
-0.047524	-0.033364	-0.051224	000
-0.046905	-0.032744	-0.050604	000
-0.046070	-0.031909	-0.049769	000
-0.046303	-0.032142	-0.050002	001
-0.046272	-0.032173	-0.050033	011
-0.046444	-0.032346	-0.049861	111
-0.046062	-0.031964	-0.049479	111
-0.045611	-0.031513	-0.049028	110
-0.045487	-0.031637	-0.049151	100
-0.045941	-0.032090	-0.048698	000
-0.048091	-0.034240	-0.050849	000
-0.047725	-0.033874	-0.050483	000
-0.049201	-0.035350	-0.051959	000
-0.049462	-0.035611	-0.052220	000
-0.049235	-0.035384	-0.051993	000
-0.050340	-0.036489	-0.053098	000
-0.051737	-0.037886	-0.054495	000
-0.052343	-0.038492	-0.055101	000
-0.052091	-0.038240	-0.054849	000
-0.052784	-0.038933	-0.055542	001
-0.052184	-0.039533	-0.056142	011
-0.051781	-0.039130	-0.056545	110
-0.054309	-0.036601	-0.054017	100
-0.055861	-0.038153	-0.052465	001
-0.056416	-0.037599	-0.051910	011
-0.057362	-0.038545	-0.050964	111
-0.057926	-0.039109	-0.051528	111
-0.057961	-0.039144	-0.051563	111
-0.056417	-0.037600	-0.050019	111
-0.056255	-0.037437	-0.049856	111
-0.054243	-0.035426	-0.047845	111
-0.054709	-0.035892	-0.048311	111
-0.055905	-0.037088	-0.049506	111
-0.055635	-0.036818	-0.049237	110
-0.055315	-0.037139	-0.049558	100
-0.055395	-0.037219	-0.049477	001
-0.053490	-0.039124	-0.051382	011
-0.054844	-0.040477	-0.050029	110
-0.053313	-0.042007	-0.051559	100
-0.053120	-0.041814	-0.051752	000
-0.053524	-0.042218	-0.052156	000
-0.053549	-0.042243	-0.052181	001
-0.054784	-0.041008	-0.050946	111
-0.056155	-0.042378	-0.052317	111
-0.056403	-0.042626	-0.052565	111
-0.057782	-0.044005	-0.053944	111
-0.057137	-0.043360	-0.053299	111
-0.055842	-0.042066	-0.052004	111
-0.055004	-0.041227	-0.051166	110
-0.056964	-0.039267	-0.049206	100
-0.057088	-0.039392	-0.049081	001
-0.057968	-0.038511	-0.048201	011
-0.057378	-0.037921	-0.048791	110
-0.057828	-0.037470	-0.048341	100
-0.057791	-0.037433	-0.048378	000
-0.058665	-0.038307	-0.049251	000
-0.059644	-0.039286	-0.050231	001
-0.059873	-0.039058	-0.050002	011
-0.060807	-0.039992	-0.049068	110
-0.061010	-0.039789	-0.048865	100
-0.060573	-0.039351	-0.049303	000
-0.060276	-0.039055	-0.049006	000
-0.061462	-0.040240	-0.050192	000
-0.061823	-0.040601	-0.050553	000
-0.060342	-0.039121	-0.049072	000
-0.059087	-0.037866	-0.047817	000
-0.057514	-0.036293	-0.046244	001
-0.056534	-0.037274	-0.047225	011
-0.056516	-0.037256	-0.047242	111
-0.057761	-0.038500	-0.048487	111
-0.057213	-0.037952	-0.047939	111
-0.057523	-0.038263	-0.048249	111
-0.059164	-0.039904	-0.049890	111
-0.060549	-0.041289	-0.051275	111
-0.060565	-0.041304	-0.051290	111
-0.060621	-0.041361	-0.051347	111
-0.061954	-0.042694	-0.052680	110
-0.062102	-0.042545	-0.052532	100
-0.063311	-0.043755	-0.051322	000
-0.065336	-0.045780	-0.053347	000
-0.066324	-0.046768	-0.054335	000
-0.068076	-0.048519	-0.056086	000
-0.071044	-0.051488	-0.059055	000
-0.071813	-0.052256	-0.059823	000
-0.074124	-0.054567	-0.062134	000
-0.074155	-0.054598	-0.062165	001
-0.074644	-0.054109	-0.061676	011
-0.076380	-0.055845	-0.059940	110
-0.076095	-0.056131	-0.060225	100
-0.077261	-0.057297	-0.059059	000
-0.074802	-0.054838	-0.056600	000
-0.074184	-0.054221	-0.055983	000
-0.074937	-0.054973	-0.056736	000
-0.073726	-0.053762	-0.055524	000
-0.071231	-0.051267	-0.053030	000
-0.070200	-0.050236	-0.051999	001
-0.069813	-0.050623	-0.052386	011
-0.069333	-0.050143	-0.052866	111
-0.070644	-0.051454	-0.054177	111
-0.070294	-0.051104	-0.053827	110
-0.072624	-0.048774	-0.051497	100
-0.072726	-0.048875	-0.051395	000
-0.072681	-0.048830	-0.051350	000
-0.075405	-0.051554	-0.054074	001
-0.073437	-0.053522	-0.056042	011
-0.072579	-0.052664	-0.056900	111
-0.069810	-0.049895	-0.054131	111
-0.067461	-0.047546	-0.051783	110
-0.068322	-0.046686	-0.050923	100
-0.068223	-0.046587	-0.051022	000
-0.068541	-0.046906	-0.051340	000
-0.071386	-0.049751	-0.054185	001
-0.070198	-0.050939	-0.055373	011
-0.067842	-0.048583	-0.057729	111
-0.066742	-0.047483	-0.056629	111
-0.065744	-0.046484	-0.055631	110
-0.067075	-0.045154	-0.054300	100
-0.067634	-0.045712	-0.053741	001
-0.067647	-0.045699	-0.053728	011
-0.067471	-0.045523	-0.053904	110
-0.068445	-0.044549	-0.052930	100
-0.067477	-0.043581	-0.053898	000
-0.068087	-0.044191	-0.054508	000
-0.067130	-0.043234	-0.053551	000
-0.068031	-0.044136	-0.054452	000
-0.068743	-0.044847	-0.055164	000
-0.069498	-0.045603	-0.055919	000
-0.067919	-0.044023	-0.054340	000
-0.068599	-0.044703	-0.055020	000
-0.070910	-0.047014	-0.057331	000
-0.071777	-0.047882	-0.058198	001
-0.071329	-0.048330	-0.058646	011
-0.071444	-0.048444	-0.058532	110
-0.070977	-0.048911	-0.058999	100
-0.071537	-0.049472	-0.058438	001
-0.072630	-0.048379	-0.057346	011
-0.071944	-0.047694	-0.058031	110
-0.071311	-0.048327	-0.058665	100
-0.073425	-0.050441	-0.056550	001
-0.071139	-0.052728	-0.058837	011
-0.071607	-0.053197	-0.058369	111
-0.071373	-0.052963	-0.058135	111
-0.072782	-0.054372	-0.059544	110
-0.071514	-0.055640	-0.060812	100
-0.072951	-0.057076	-0.059375	000
-0.072731	-0.056857	-0.059155	000
-0.073586	-0.057711	-0.060010	000
-0.073030	-0.057155	-0.059454	000
-0.073256	-0.057381	-0.059679	000
-0.073949	-0.058075	-0.060373	000
-0.073797	-0.057922	-0.060221	000
-0.073181	-0.057307	-0.059605	000
-0.072674	-0.056799	-0.059098	001
-0.072162	-0.057310	-0.059609	011
-0.072327	-0.057475	-0.059445	110
-0.072705	-0.057097	-0.059067	100
-0.073226	-0.057618	-0.058546	000
-0.074272	-0.058665	-0.059592	000
-0.076672	-0.061064	-0.061992	000
-0.076174	-0.060567	-0.061494	000
-0.074553	-0.058945	-0.059873	001
-0.074042	-0.059457	-0.060384	011
-0.075226	-0.060641	-0.059199	111
-0.075999	-0.061414	-0.059972	111
-0.077951	-0.063366	-0.061925	111
-0.079933	-0.065347	-0.063906	111
-0.080077	-0.065491	-0.064050	111
-0.079836	-0.065251	-0.063809	111
-0.076576	-0.061991	-0.060549	111
-0.075376	-0.060791	-0.059349	111
-0.075815	-0.061230	-0.059788	111
-0.076799	-0.062214	-0.060772	111
-0.075123	-0.060538	-0.059096	100
-0.074890	-0.060304	-0.059330	001
-0.074463	-0.060731	-0.059757	011
-0.075572	-0.061840	-0.058648	110
-0.075073	-0.062339	-0.059147	100
-0.075206	-0.062472	-0.059014	001
-0.074845	-0.062833	-0.059375	011
-0.074274	-0.062262	-0.059945	111
-0.075862	-0.063850	-0.061533	111
-0.078257	-0.066245	-0.063928	111
-0.078558	-0.066546	-0.064230	111
-0.080569	-0.068557	-0.066241	111
-0.081211	-0.069199	-0.066882	111
-0.082415	-0.070403	-0.068086	111
-0.083583	-0.071570	-0.069254	111
-0.081328	-0.069316	-0.067000	110
-0.082131	-0.068513	-0.066197	100
-0.082589	-0.068971	-0.065739	001
-0.083156	-0.068404	-0.065172	011
-0.085028	-0.070277	-0.063300	110
-0.084812	-0.070493	-0.063516	100
-0.086078	-0.071759	-0.062249	000
-0.085624	-0.071304	-0.061795	000
-0.087021	-0.072702	-0.063192	001
-0.087675	-0.072048	-0.062539	011
-0.088323	-0.072696	-0.061891	110
-0.089165	-0.071853	-0.061048	100
-0.090465	-0.073153	-0.059749	000
-0.088559	-0.071247	-0.057842	000
-0.087682	-0.070371	-0.056966	000
-0.088452	-0.071140	-0.057736	000
-0.089748	-0.072436	-0.059031	000
-0.089713	-0.072401	-0.058997	000
-0.089705	-0.072393	-0.058989	001
-0.089669	-0.072430	-0.059025	011
-0.089703	-0.072464	-0.058991	111
-0.089613	-0.072374	-0.058901	111
-0.088057	-0.070818	-0.057346	110
-0.087129	-0.071747	-0.058274	100
-0.087329	-0.071947	-0.058074	001
-0.086021	-0.073255	-0.059382	011
-0.083996	-0.071230	-0.061407	111
-0.085702	-0.072936	-0.063113	111
-0.088011	-0.075244	-0.065422	111
-0.090590	-0.077823	-0.068000	111
-0.091134	-0.078367	-0.068544	111
-0.090003	-0.077237	-0.067414	110
-0.087193	-0.080047	-0.070224	100
-0.086309	-0.079163	-0.071108	001
-0.085895	-0.079576	-0.071522	011
-0.085143	-0.078824	-0.072274	110
-0.081607	-0.082359	-0.075809	100
-0.079607	-0.080358	-0.077810	000
-0.080470	-0.081221	-0.078673	000
-0.080596	-0.081348	-0.078800	001
-0.081132	-0.080813	-0.078264	011
-0.081410	-0.081090	-0.077986	111
-0.082479	-0.082160	-0.079055	111
-0.083413	-0.083093	-0.079989	110
-0.082192	-0.084314	-0.081210	100
-0.083894	-0.086016	-0.079509	000
-0.083425	-0.085547	-0.079040	000
-0.085248	-0.087370	-0.080863	000
-0.085753	-0.087876	-0.081368	000
-0.084211	-0.086334	-0.079826	000
-0.086791	-0.088913	-0.082406	000
-0.088360	-0.090482	-0.083975	001
-0.089106	-0.089736	-0.083229	011
-0.088722	-0.089352	-0.083613	111
-0.089438	-0.090068	-0.084329	111
-0.090185	-0.090815	-0.085076	110
-0.090153	-0.090848	-0.085109	100
-0.090558	-0.091253	-0.084704	001
-0.092576	-0.089236	-0.082686	011
-0.093732	-0.090392	-0.081530	111
-0.092392	-0.089052	-0.080191	111
-0.093028	-0.089688	-0.080826	110
-0.091594	-0.091122	-0.082261	100
-0.090344	-0.089873	-0.083510	000
-0.089191	-0.088720	-0.082357	000
-0.088119	-0.087648	-0.081286	000
-0.091808	-0.091337	-0.084975	000
-0.094067	-0.093595	-0.087233	000
-0.093786	-0.093315	-0.086953	000
-0.092586	-0.092115	-0.085753	000
-0.092682	-0.092211	-0.085849	000
-0.092281	-0.091810	-0.085448	000
-0.094018	-0.093547	-0.087185	000
-0.094635	-0.094164	-0.087802	000
-0.096030	-0.095559	-0.089196	001
-0.095354	-0.096235	-0.089873	011
-0.097149	-0.098031	-0.088077	110
-0.099066	-0.096114	-0.086160	100
-0.100112	-0.097160	-0.085114	000
-0.098301	-0.095349	-0.083304	000
-0.099002	-0.096050	-0.084005	000
-0.097390	-0.094438	-0.082392	000
-0.097873	-0.094921	-0.082875	001
-0.098317	-0.094477	-0.082431	011
-0.097482	-0.093642	-0.083266	110
-0.098393	-0.092731	-0.082356	100
-0.099329	-0.093667	-0.081420	000
-0.100982	-0.095321	-0.083073	000
-0.100362	-0.094701	-0.082453	001
-0.097117	-0.097946	-0.085699	011
-0.098268	-0.099097	-0.084548	110
-0.098743	-0.098622	-0.084072	100
-0.099212	-0.099091	-0.083603	000
-0.101644	-0.101523	-0.086035	000
-0.102502	-0.102381	-0.086893	000
-0.102216	-0.102095	-0.086607	000
-0.102306	-0.102185	-0.086697	001
-0.102131	-0.102360	-0.086872	011
-0.103625	-0.103853	-0.085378	111
-0.102003	-0.102231	-0.083756	111
-0.101061	-0.101289	-0.082814	111
-0.099254	-0.099482	-0.081006	111
-0.098337	-0.098565	-0.080089	111
-0.099749	-0.099977	-0.081502	111
-0.101594	-0.101822	-0.083347	111
-0.103499	-0.103727	-0.085252	111
-0.104713	-0.104941	-0.086466	111
-0.104109	-0.104338	-0.085862	111
-0.104178	-0.104407	-0.085931	110
-0.104503	-0.104082	-0.085607	100
-0.104088	-0.103667	-0.086022	000
-0.105893	-0.105473	-0.087828	000
-0.105512	-0.105092	-0.087446	001
-0.105972	-0.104631	-0.086986	011
-0.106572	-0.105230	-0.086387	110
-0.107954	-0.103848	-0.085004	001
-0.107895	-0.103907	-0.085063	011
-0.110653	-0.106665	-0.082305	111
-0.108704	-0.104717	-0.080357	111
-0.106194	-0.102206	-0.077847	111
-0.106187	-0.102200	-0.077840	111
-0.106774	-0.102786	-0.078427	111
-0.105470	-0.101483	-0.077123	111
-0.104758	-0.100770	-0.076411	111
-0.103926	-0.099938	-0.075579	111
-0.104522	-0.100534	-0.076175	110
-0.105110	-0.099946	-0.075586	100
-0.105796	-0.100631	-0.074901	000
-0.107633	-0.102468	-0.076738	000
-0.108654	-0.103490	-0.077760	000
-0.108559	-0.103395	-0.077665	000
-0.108796	-0.103631	-0.077901	000
-0.108826	-0.103661	-0.077931	000
-0.107244	-0.102079	-0.076349	000
-0.105730	-0.100566	-0.074836	000
-0.104759	-0.099595	-0.073865	001
-0.104145	-0.100209	-0.074479	011
-0.104296	-0.100360	-0.074328	110
-0.104273	-0.100383	-0.074351	100
-0.104517	-0.100626	-0.074107	000
-0.105638	-0.101748	-0.075229	000
-0.104479	-0.100588	-0.074069	000
-0.105697	-0.101807	-0.075288	000
-0.108644	-0.104753	-0.078234	000
-0.107979	-0.104088	-0.077569	000
-0.107371	-0.103480	-0.076961	001
-0.106587	-0.104265	-0.077746	011
-0.105832	-0.103511	-0.078500	110
-0.105843	-0.103500	-0.078489	100
-0.104940	-0.102597	-0.079392	001
-0.104355	-0.103182	-0.079977	011
-0.104798	-0.103625	-0.079534	110
-0.103475	-0.104948	-0.080857	100
-0.104175	-0.105648	-0.080158	000
-0.105965	-0.107438	-0.081948	000
-0.109832	-0.111305	-0.085814	001
-0.108600	-0.112537	-0.087046	011
-0.108412	-0.112349	-0.087234	110
-0.109443	-0.111318	-0.086204	100
-0.108552	-0.110428	-0.087094	011
-0.106927	-0.108802	-0.088719	111
-0.107033	-0.108908	-0.088825	111
-0.107922	-0.109797	-0.089714	110
-0.107003	-0.110716	-0.090633	100
-0.107249	-0.110963	-0.090387	001
-0.107097	-0.111115	-0.090539	011
-0.106724	-0.110741	-0.090912	110
-0.105747	-0.111717	-0.091888	100
-0.105930	-0.111900	-0.091705	000
-0.106176	-0.112146	-0.091951	000
-0.107501	-0.113471	-0.093276	000
-0.108630	-0.114600	-0.094405	000
-0.109806	-0.115776	-0.095581	001
-0.110184	-0.115398	-0.095203	011
-0.113556	-0.118770	-0.091831	111
-0.114422	-0.119636	-0.092697	111
-0.115280	-0.120494	-0.093555	110
-0.115052	-0.120722	-0.093784	100
-0.117420	-0.123090	-0.091416	001
-0.116692	-0.123818	-0.092144	011
-0.116593	-0.123719	-0.092243	110
-0.115604	-0.124707	-0.093231	100
-0.114149	-0.123252	-0.094686	000
-0.114974	-0.124077	-0.095511	000
-0.115814	-0.124917	-0.096351	001
-0.115311	-0.125420	-0.096854	011
-0.116978	-0.127087	-0.095187	111
-0.117422	-0.127531	-0.095630	111
-0.115460	-0.125569	-0.093669	110
-0.116204	-0.124826	-0.092925	100
-0.116713	-0.125334	-0.092417	000
-0.119118	-0.127740	-0.094822	000
-0.119820	-0.128441	-0.095524	000
-0.119578	-0.128200	-0.095282	000
-0.119693	-0.128314	-0.095397	001
-0.118361	-0.129646	-0.096729	011
-0.119094	-0.130380	-0.095996	111
-0.117998	-0.129283	-0.094899	111
-0.120455	-0.131740	-0.097356	111
-0.122406	-0.133692	-0.099308	111
-0.119650	-0.130935	-0.096551	111
-0.118657	-0.129943	-0.095559	111
-0.120003	-0.131288	-0.096904	111
-0.122047	-0.133332	-0.098948	110
-0.121476	-0.133903	-0.099520	100
-0.120518	-0.132946	-0.100477	000
-0.118346	-0.130773	-0.098305	000
-0.119056	-0.131483	-0.099015	001
-0.118957	-0.131582	-0.099114	011
-0.118929	-0.131554	-0.099142	111
-0.118867	-0.131492	-0.099080	111
-0.117715	-0.130340	-0.097928	111
-0.118425	-0.131050	-0.098638	111
-0.119584	-0.132209	-0.099797	110
-0.119119	-0.132674	-0.100262	100
-0.121419	-0.134974	-0.097962	001
-0.118784	-0.137609	-0.100597	011
-0.116982	-0.135806	-0.102399	111
-0.118697	-0.137522	-0.104115	111
-0.117744	-0.136569	-0.103162	110
-0.118737	-0.135576	-0.102169	100
-0.119214	-0.136053	-0.101693	001
-0.118244	-0.137023	-0.102662	011
-0.119504	-0.138283	-0.101402	110
-0.118734	-0.139053	-0.102172	100
-0.117091	-0.137410	-0.103815	001
-0.118357	-0.136145	-0.102549	011
-0.116702	-0.134489	-0.104205	111
-0.115647	-0.133435	-0.103150	111
-0.115189	-0.132976	-0.102691	110
-0.114959	-0.133206	-0.102921	100
-0.116644	-0.134891	-0.101237	001
-0.117376	-0.134159	-0.100504	011
-0.117524	-0.134307	-0.100356	110
-0.117951	-0.133880	-0.099930	100
-0.118029	-0.133958	-0.099851	001
-0.118250	-0.133738	-0.099631	011
-0.118700	-0.134188	-0.099180	110
-0.118422	-0.134466	-0.099458	100
-0.117862	-0.133905	-0.100018	001
-0.117954	-0.133814	-0.099926	011
-0.116367	-0.132226	-0.101513	110
-0.115249	-0.133345	-0.102631	100
-0.115229	-0.133324	-0.102652	001
-0.114811	-0.133741	-0.103069	011
-0.113695	-0.132625	-0.104185	111
-0.112105	-0.131035	-0.102595	111
-0.110069	-0.128999	-0.100559	111
-0.107850	-0.126780	-0.098340	110
-0.109009	-0.125622	-0.097182	100
-0.111005	-0.127618	-0.095186	000
-0.110510	-0.127123	-0.094691	000
-0.111180	-0.127793	-0.095361	001
-0.109645	-0.129329	-0.096897	011
-0.111159	-0.130843	-0.095382	110
-0.111125	-0.130878	-0.095417	100
-0.110954	-0.130707	-0.095587	000
-0.108364	-0.128117	-0.092996	000
-0.107415	-0.127168	-0.092047	001
-0.107769	-0.126813	-0.091693	011
-0.108897	-0.127941	-0.090565	110
-0.108085	-0.128753	-0.091377	100
-0.107885	-0.128553	-0.091577	000
-0.107819	-0.128487	-0.091511	000
-0.106451	-0.127119	-0.090143	001
-0.109387	-0.124182	-0.087207	011
-0.108688	-0.123483	-0.087907	110
-0.110681	-0.121489	-0.085913	100
-0.110326	-0.121133	-0.086269	001
-0.110378	-0.121081	-0.086216	011
-0.109672	-0.120375	-0.086922	111
-0.109941	-0.120644	-0.087191	111
-0.109516	-0.120219	-0.086766	110
-0.110446	-0.119288	-0.085835	100
-0.108539	-0.117380	-0.087743	001
-0.109406	-0.116513	-0.086875	011
-0.108989	-0.116095	-0.087293	110
-0.110330	-0.114753	-0.085951	100
-0.110507	-0.114929	-0.085775	001
-0.113380	-0.112057	-0.082902	011
-0.115193	-0.113870	-0.081088	111
-0.115348	-0.114025	-0.081243	111
-0.116323	-0.115000	-0.082218	110
-0.117231	-0.114092	-0.081309	100
-0.119698	-0.116559	-0.078842	000
-0.120141	-0.117002	-0.079285	000
-0.119922	-0.116783	-0.079067	001
-0.120666	-0.116039	-0.078322	011
-0.121430	-0.116802	-0.077559	110
-0.122326	-0.115905	-0.076663	000
-0.124782	-0.118362	-0.079119	000
-0.124966	-0.118545	-0.079303	000
-0.125002	-0.118582	-0.079339	000
-0.124825	-0.118404	-0.079162	000
-0.125427	-0.119006	-0.079764	000
-0.126758	-0.120337	-0.081095	001
-0.127619	-0.119476	-0.080234	011
-0.131562	-0.123419	-0.076291	111
-0.134326	-0.126183	-0.079054	111
-0.133571	-0.125428	-0.078299	110
-0.135178	-0.123821	-0.076692	100
-0.136393	-0.125037	-0.075477	001
-0.137502	-0.123929	-0.074369	011
-0.139721	-0.126148	-0.072149	110
-0.137897	-0.127973	-0.073974	100
-0.135160	-0.125236	-0.076710	001
-0.136036	-0.124361	-0.075835	011
-0.138182	-0.126507	-0.073688	110
-0.138591	-0.126098	-0.073279	100
-0.140505	-0.128012	-0.071365	000
-0.141338	-0.128845	-0.072198	000
-0.139644	-0.127151	-0.070504	000
-0.141602	-0.129109	-0.072462	000
-0.142546	-0.130053	-0.073406	001
-0.141862	-0.130736	-0.074089	011
-0.142432	-0.131306	-0.073519	111
-0.143450	-0.132325	-0.074538	111
-0.142415	-0.131289	-0.073502	110
-0.142210	-0.131494	-0.073707	100
-0.140895	-0.130179	-0.075023	001
-0.142497	-0.128577	-0.073421	011
-0.146351	-0.132431	-0.069567	110
-0.146414	-0.132368	-0.069504	100
-0.146384	-0.132338	-0.069533	000
-0.147727	-0.133681	-0.070876	000
-0.146342	-0.132296	-0.069491	000
-0.144899	-0.130853	-0.068048	000
-0.144072	-0.130026	-0.067221	000
-0.143991	-0.129945	-0.067140	000
-0.145459	-0.131413	-0.068608	001
-0.146122	-0.130749	-0.067944	011
-0.147356	-0.131983	-0.066711	110
-0.146375	-0.132963	-0.067692	000
-0.148305	-0.134893	-0.069621	000
-0.148540	-0.135128	-0.069857	000
-0.148044	-0.134633	-0.069361	000
-0.147588	-0.134177	-0.068905	000
-0.145487	-0.132075	-0.066804	000
-0.141905	-0.128493	-0.063221	000
-0.140904	-0.127492	-0.062220	000
-0.140035	-0.126623	-0.061351	001
-0.142249	-0.124409	-0.059137	011
-0.144542	-0.126701	-0.056845	111
-0.145187	-0.127347	-0.057490	111
-0.144684	-0.126843	-0.056987	110
-0.144785	-0.126741	-0.056885	100
-0.145811	-0.127767	-0.055859	000
-0.147207	-0.129163	-0.057255	000
-0.147655	-0.129611	-0.057704	001
-0.147843	-0.129423	-0.057516	011
-0.149353	-0.130933	-0.056006	111
-0.149986	-0.131566	-0.056639	111
-0.151071	-0.132651	-0.057725	110
-0.150192	-0.133531	-0.058604	100
-0.150615	-0.133954	-0.058181	001
-0.151105	-0.133464	-0.057691	011
-0.151760	-0.134119	-0.057036	110
-0.152154	-0.133725	-0.056642	100
-0.152956	-0.134527	-0.055840	000
-0.152126	-0.133697	-0.055010	000
-0.153117	-0.134688	-0.056000	000
-0.155135	-0.136705	-0.058018	000
-0.152827	-0.134398	-0.055710	001
-0.154114	-0.133110	-0.054423	011
-0.153202	-0.132198	-0.055336	110
-0.152340	-0.133059	-0.056197	100
-0.150748	-0.131467	-0.057789	001
-0.151865	-0.130350	-0.056672	011
-0.152399	-0.130884	-0.056138	111
-0.152394	-0.130879	-0.056133	111
-0.150316	-0.128800	-0.054054	111
-0.148352	-0.126836	-0.052090	111
-0.147862	-0.126346	-0.051600	110
-0.148983	-0.125225	-0.050479	100
-0.149529	-0.125771	-0.049933	000
-0.148272	-0.124514	-0.048676	000
-0.148801	-0.125044	-0.049205	011
-0.147337	-0.123580	-0.050669	110
-0.146961	-0.123956	-0.051045	100
-0.147045	-0.124040	-0.050961	001
-0.147737	-0.123348	-0.050269	011
-0.146275	-0.121886	-0.051731	111
-0.145874	-0.121485	-0.051331	111
-0.145353	-0.120964	-0.050809	110
-0.147675	-0.118642	-0.048488	100
-0.147761	-0.118729	-0.048401	000
-0.148585	-0.119552	-0.049224	000
-0.146031	-0.116998	-0.046670	001
-0.149508	-0.113520	-0.043192	011
-0.151184	-0.115197	-0.041516	110
-0.148382	-0.117999	-0.044318	100
-0.146990	-0.116607	-0.045710	001
-0.147130	-0.116467	-0.045570	011
-0.146398	-0.115735	-0.046302	110
-0.145911	-0.116222	-0.046789	100
-0.145931	-0.116242	-0.046769	000
-0.145169	-0.115480	-0.046007	000
-0.146248	-0.116560	-0.047086	001
-0.147624	-0.115184	-0.045710	011
-0.149502	-0.117061	-0.043833	110
-0.149784	-0.116779	-0.043551	100
-0.149171	-0.116166	-0.044164	000
-0.147980	-0.114975	-0.042973	000
-0.148713	-0.115708	-0.043706	000
-0.150919	-0.117914	-0.045912	000
-0.152939	-0.119934	-0.047932	001
-0.153458	-0.119416	-0.047413	011
-0.152542	-0.118501	-0.048329	111
-0.153302	-0.119260	-0.049089	111
-0.153836	-0.119794	-0.049622	111
-0.154760	-0.120719	-0.050547	111
-0.155558	-0.121516	-0.051344	111
-0.156193	-0.122152	-0.051980	111
-0.156932	-0.122890	-0.052719	111
-0.156020	-0.121978	-0.051806	111
-0.154632	-0.120590	-0.050418	110
-0.154904	-0.120317	-0.050145	100
-0.156504	-0.121917	-0.048546	000
-0.159169	-0.124582	-0.051212	000
-0.157434	-0.122847	-0.049477	011
-0.159062	-0.124475	-0.047849	111
-0.160185	-0.125598	-0.048971	111
-0.163091	-0.128504	-0.051878	111
-0.163761	-0.129175	-0.052548	111
-0.162780	-0.128193	-0.051567	111
-0.163727	-0.129140	-0.052513	111
-0.163949	-0.129362	-0.052735	111
-0.166834	-0.132247	-0.055621	111
-0.167205	-0.132618	-0.055992	110
-0.164911	-0.134912	-0.058285	100
-0.163915	-0.133915	-0.059282	000
-0.162917	-0.132918	-0.058284	000
-0.162646	-0.132646	-0.058013	001
-0.161112	-0.134180	-0.059546	011
-0.162333	-0.135401	-0.058325	110
-0.163168	-0.134567	-0.057491	100
-0.163823	-0.135222	-0.056836	001
-0.165584	-0.133460	-0.055074	011
-0.166445	-0.134321	-0.054213	110
-0.166820	-0.133946	-0.053838	100
-0.165898	-0.133023	-0.054760	001
-0.166850	-0.132072	-0.053809	011
-0.167300	-0.132522	-0.053359	110
-0.166493	-0.133328	-0.054165	100
-0.165706	-0.132540	-0.054953	000
-0.165362	-0.132196	-0.054609	000
-0.162635	-0.129469	-0.051882	001
-0.166393	-0.125712	-0.048124	011
-0.166843	-0.126162	-0.047674	111
-0.166064	-0.125383	-0.046895	111
-0.164436	-0.123755	-0.045267	111
-0.163247	-0.122566	-0.044078	111
-0.162861	-0.122180	-0.043692	110
-0.159871	-0.125170	-0.046683	100
-0.159131	-0.124431	-0.047422	000
-0.159875	-0.125175	-0.048166	000
-0.160057	-0.125357	-0.048348	001
-0.159350	-0.126064	-0.049055	011
-0.157681	-0.124395	-0.050723	110
-0.157653	-0.124423	-0.050752	100
-0.159395	-0.126165	-0.049010	001
-0.157529	-0.128030	-0.050875	011
-0.155613	-0.126114	-0.052792	111
-0.154390	-0.124891	-0.051569	111
-0.154982	-0.125483	-0.052162	111
-0.155173	-0.125674	-0.052352	110
-0.156404	-0.124443	-0.051121	100
-0.156087	-0.124126	-0.051438	000
-0.154322	-0.122361	-0.049672	000
-0.154178	-0.122217	-0.049529	001
-0.152916	-0.123478	-0.050790	011
-0.153576	-0.124137	-0.050131	110
-0.153486	-0.124226	-0.050220	100
-0.156116	-0.126856	-0.047590	001
-0.153321	-0.129652	-0.050385	011
-0.152761	-0.129092	-0.050946	111
-0.154614	-0.130945	-0.052799	111
-0.154760	-0.131091	-0.052945	111
-0.154981	-0.131312	-0.053166	111
-0.155066	-0.131397	-0.053251	111
-0.153167	-0.129498	-0.051352	111
-0.150136	-0.126467	-0.048321	110
-0.150721	-0.125882	-0.047736	100
-0.152211	-0.127371	-0.046246	001
-0.152567	-0.127015	-0.045890	011
-0.153303	-0.127751	-0.045155	110
-0.152038	-0.129016	-0.046419	100
-0.154758	-0.131736	-0.043699	001
-0.152378	-0.134116	-0.046079	011
-0.155666	-0.137404	-0.042791	111
-0.158564	-0.140303	-0.045689	111
-0.161440	-0.143178	-0.048565	111
-0.162318	-0.144056	-0.049443	111
-0.163965	-0.145704	-0.051090	111
-0.166142	-0.147880	-0.053267	111
-0.165542	-0.147280	-0.052667	110
-0.166129	-0.146694	-0.052080	100
-0.167190	-0.147755	-0.051019	001
-0.163521	-0.151424	-0.054688	011
-0.163818	-0.151720	-0.054392	110
-0.163502	-0.152036	-0.054707	100
-0.163199	-0.151733	-0.055010	000
-0.161030	-0.149564	-0.052841	000
-0.158821	-0.147355	-0.050631	001
-0.158141	-0.148035	-0.051311	011
-0.157860	-0.147754	-0.051592	110
-0.157918	-0.147697	-0.051534	001
-0.157976	-0.147639	-0.051476	011
-0.157464	-0.147127	-0.051988	111
-0.156398	-0.146061	-0.050921	111
-0.155152	-0.144814	-0.049675	111
-0.156888	-0.146551	-0.051411	111
-0.158899	-0.148561	-0.053422	111
-0.159471	-0.149134	-0.053994	111
-0.160678	-0.150340	-0.055201	110
-0.161830	-0.149187	-0.054048	100
-0.161349	-0.148706	-0.054529	000
-0.159856	-0.147213	-0.053036	000
-0.160649	-0.148006	-0.053830	000
-0.162267	-0.149624	-0.055448	000
-0.162447	-0.149804	-0.055627	001
-0.160622	-0.151628	-0.057452	011
-0.159922	-0.150928	-0.058152	111
-0.160531	-0.151537	-0.058761	111
-0.160854	-0.151860	-0.059084	110
-0.160155	-0.152559	-0.059783	100
-0.158683	-0.151087	-0.061255	001
-0.160693	-0.149078	-0.059245	011
-0.161608	-0.149993	-0.058330	110
-0.164219	-0.147383	-0.055719	100
-0.162287	-0.145451	-0.057651	001
-0.165100	-0.142638	-0.054838	011
-0.164527	-0.142065	-0.055411	110
-0.166984	-0.139608	-0.052954	100
-0.167417	-0.140041	-0.052521	000
-0.166811	-0.139434	-0.051915	000
-0.164895	-0.137519	-0.049999	001
-0.166938	-0.135476	-0.047957	011
-0.166092	-0.134630	-0.048803	111
-0.165663	-0.134202	-0.048375	111
-0.166219	-0.134757	-0.048930	110
-0.165748	-0.135229	-0.049402	100
-0.165518	-0.134999	-0.049631	000
-0.165910	-0.135391	-0.050023	000
-0.167991	-0.137472	-0.052104	000
-0.169955	-0.139436	-0.054068	000
-0.171381	-0.140862	-0.055494	001
-0.170736	-0.141507	-0.056139	011
-0.171302	-0.142073	-0.055573	111
-0.172080	-0.142851	-0.056351	111
-0.171004	-0.141775	-0.055275	111
-0.171740	-0.142511	-0.056011	111
-0.173536	-0.144308	-0.057808	111
-0.173123	-0.143894	-0.057394	111
-0.172922	-0.143693	-0.057193	111
-0.174003	-0.144775	-0.058275	111
-0.173487	-0.144258	-0.057758	111
-0.175271	-0.146042	-0.059542	110
-0.172617	-0.148696	-0.062195	100
-0.170320	-0.146398	-0.064493	001
-0.168578	-0.148141	-0.066235	011
-0.168496	-0.148059	-0.066317	111
-0.169629	-0.149192	-0.067451	111
-0.168565	-0.148129	-0.066387	110
-0.168637	-0.148057	-0.066315	100
-0.167436	-0.146856	-0.067516	001
-0.168710	-0.145581	-0.066242	011
-0.167271	-0.144142	-0.067681	110
-0.168256	-0.143157	-0.066696	100
-0.167651	-0.142553	-0.067301	000
-0.165967	-0.140869	-0.065617	000
-0.165952	-0.140853	-0.065601	000
-0.166494	-0.141396	-0.066144	000
-0.166137	-0.141039	-0.065787	001
-0.164373	-0.142803	-0.067551	011
-0.162892	-0.141322	-0.069032	111
-0.161020	-0.139450	-0.067159	111
-0.161215	-0.139645	-0.067355	111
-0.162171	-0.140601	-0.068310	111
-0.162290	-0.140720	-0.068430	110
-0.163391	-0.139619	-0.067329	100
-0.164456	-0.140684	-0.066264	001
-0.163722	-0.141418	-0.066998	011
-0.164922	-0.142618	-0.065798	111
-0.163976	-0.141672	-0.064852	111
-0.162986	-0.140683	-0.063863	110
-0.164348	-0.139321	-0.062501	100
-0.162630	-0.137603	-0.064219	001
-0.163964	-0.136270	-0.062885	011
-0.163532	-0.135838	-0.063317	110
-0.164733	-0.134637	-0.062116	100
-0.166313	-0.136217	-0.060536	001
-0.164869	-0.137661	-0.061980	011
-0.167044	-0.139835	-0.059805	111
-0.167854	-0.140645	-0.060615	110
-0.168848	-0.139651	-0.059621	100
-0.171535	-0.142338	-0.056933	001
-0.169936	-0.143937	-0.058532	011
-0.169077	-0.143078	-0.059391	110
-0.167261	-0.144894	-0.061208	100
-0.165332	-0.142965	-0.063137	000
-0.165060	-0.142693	-0.062865	000
-0.165103	-0.142736	-0.062908	000
-0.165787	-0.143420	-0.063592	000
-0.166200	-0.143834	-0.064005	001
-0.164760	-0.145274	-0.065445	011
-0.166021	-0.146534	-0.064185	111
-0.168014	-0.148527	-0.066178	111
-0.167836	-0.148350	-0.066000	111
-0.167192	-0.147705	-0.065356	111
-0.167060	-0.147573	-0.065224	111
-0.167825	-0.148339	-0.065989	111
-0.167526	-0.148039	-0.065690	111
-0.167387	-0.147900	-0.065551	111
-0.166485	-0.146998	-0.064649	110
-0.166214	-0.147270	-0.064920	100
-0.165834	-0.146890	-0.065299	000
-0.166165	-0.147222	-0.065631	000
-0.165731	-0.146787	-0.065196	001
-0.165607	-0.146912	-0.065321	011
-0.166913	-0.148219	-0.064015	110
-0.164829	-0.150303	-0.066099	100
-0.162859	-0.148332	-0.068069	000
-0.160901	-0.146374	-0.066112	000
-0.161980	-0.147454	-0.067191	001
-0.162283	-0.147152	-0.066889	011
-0.162784	-0.147653	-0.066387	110
-0.164722	-0.145716	-0.064450	100
-0.162619	-0.143613	-0.066553	001
-0.162966	-0.143265	-0.066205	011
-0.163929	-0.144228	-0.065243	111
-0.166490	-0.146789	-0.067804	111
-0.167751	-0.148050	-0.069064	110
-0.167265	-0.148536	-0.069550	100
-0.167086	-0.148357	-0.069729	001
-0.168233	-0.147211	-0.068582	011
-0.169712	-0.148690	-0.067103	100
-0.171079	-0.150057	-0.065736	001
-0.170792	-0.150343	-0.066022	011
-0.172496	-0.152046	-0.064319	111
-0.173283	-0.152834	-0.065107	111
-0.172829	-0.152379	-0.064652	110
-0.171528	-0.153680	-0.065953	100
-0.172532	-0.154683	-0.064949	001
-0.172962	-0.154253	-0.064519	011
-0.174033	-0.155325	-0.063448	111
-0.171727	-0.153019	-0.061142	111
-0.171211	-0.152502	-0.060625	111
-0.172509	-0.153800	-0.061923	111
-0.172414	-0.153705	-0.061828	111
-0.171423	-0.152714	-0.060837	111
-0.169724	-0.151015	-0.059138	111
-0.169729	-0.151020	-0.059143	111
-0.169948	-0.151239	-0.059362	110
-0.171125	-0.150061	-0.058184	100
-0.169410	-0.148347	-0.059899	000
-0.170122	-0.149058	-0.060611	000
-0.168674	-0.147610	-0.059163	000
-0.168406	-0.147342	-0.058894	000
-0.170217	-0.149153	-0.060705	001
-0.168786	-0.150583	-0.062136	011
-0.167940	-0.149737	-0.062982	111
-0.165819	-0.147616	-0.060861	111
-0.164885	-0.146682	-0.059927	110
-0.162967	-0.148600	-0.061846	100
-0.162035	-0.147669	-0.062777	000
-0.159883	-0.145517	-0.060625	000
-0.157213	-0.142847	-0.057955	000
-0.156238	-0.141871	-0.056979	000
-0.156310	-0.141944	-0.057052	001
-0.156725	-0.141529	-0.056637	011
-0.157178	-0.141982	-0.056185	110
-0.155503	-0.143657	-0.057860	100
-0.155477	-0.143632	-0.057885	000
-0.156383	-0.144537	-0.058790	000
-0.157689	-0.145844	-0.060097	000
-0.157445	-0.145600	-0.059853	000
-0.158163	-0.146318	-0.060571	000
-0.156571	-0.144726	-0.058979	000
-0.155001	-0.143155	-0.057408	000
-0.154835	-0.142989	-0.057242	000
-0.155669	-0.143824	-0.058077	000
-0.157633	-0.145787	-0.060041	001
-0.157330	-0.146091	-0.060344	011
-0.157893	-0.146655	-0.059780	110
-0.158565	-0.145983	-0.059109	100
-0.156922	-0.144341	-0.060752	000
-0.156830	-0.144248	-0.060659	000
-0.156016	-0.143434	-0.059845	000
-0.155170	-0.142588	-0.058999	000
-0.154906	-0.142324	-0.058736	001
-0.155168	-0.142063	-0.058474	011
-0.156907	-0.143803	-0.056735	110
-0.157742	-0.142967	-0.055900	100
-0.156636	-0.141861	-0.057006	000
-0.154399	-0.139625	-0.054770	000
-0.155472	-0.140697	-0.055842	000
-0.154469	-0.139694	-0.054839	000
-0.153977	-0.139203	-0.054348	001
-0.155898	-0.137282	-0.052427	011
-0.156515	-0.137899	-0.051810	111
-0.155948	-0.137331	-0.051242	111
-0.154979	-0.136363	-0.050274	111
-0.154690	-0.136073	-0.049984	111
-0.155524	-0.136907	-0.050818	111
-0.154724	-0.136108	-0.050019	111
-0.155612	-0.136995	-0.050906	111
-0.156697	-0.138080	-0.051991	111
-0.159065	-0.140449	-0.054360	111
-0.159610	-0.140993	-0.054904	111
-0.159610	-0.140993	-0.054904	110
-0.160352	-0.140250	-0.054161	100
-0.159943	-0.139841	-0.054571	001
-0.161072	-0.138712	-0.053442	011
-0.160141	-0.137782	-0.054373	111
-0.160399	-0.138040	-0.054631	111
-0.161650	-0.139290	-0.055881	111
-0.162642	-0.140282	-0.056873	111
-0.161047	-0.138687	-0.055278	110
-0.161233	-0.138502	-0.055093	100
-0.160703	-0.137972	-0.055623	000
-0.160133	-0.137402	-0.055053	000
-0.159289	-0.136558	-0.054209	001
-0.158566	-0.137282	-0.054933	111
-0.157938	-0.136654	-0.054305	111
-0.158438	-0.137154	-0.054805	110
-0.157030	-0.138562	-0.056213	100
-0.158032	-0.139563	-0.055211	000
-0.157364	-0.138895	-0.054543	000
-0.157730	-0.139261	-0.054910	000
-0.158941	-0.140472	-0.056121	000
-0.160425	-0.141957	-0.057605	001
-0.159545	-0.142838	-0.058486	011
-0.159635	-0.142928	-0.058395	110
-0.159454	-0.143109	-0.058576	100
-0.159982	-0.143636	-0.058049	001
-0.160213	-0.143405	-0.057817	011
-0.158720	-0.141913	-0.059310	110
-0.162463	-0.138170	-0.055568	100
-0.164374	-0.140082	-0.053656	000
-0.164520	-0.140228	-0.053802	000
-0.164362	-0.140070	-0.053644	000
-0.164427	-0.140135	-0.053709	000
-0.165053	-0.140760	-0.054334	001
-0.166371	-0.139441	-0.053016	011
-0.167567	-0.140637	-0.051820	111
-0.165375	-0.138445	-0.049627	111
-0.164242	-0.137312	-0.048494	111
-0.163875	-0.136945	-0.048127	111
-0.163140	-0.136210	-0.047393	111
-0.162357	-0.135427	-0.046610	111
-0.166080	-0.139150	-0.050333	111
-0.166285	-0.139355	-0.050538	111
-0.166490	-0.139560	-0.050743	110
-0.162467	-0.143583	-0.054766	100
-0.161353	-0.142469	-0.055880	000
-0.162000	-0.143116	-0.056527	000
-0.161679	-0.142795	-0.056206	001
-0.162519	-0.141954	-0.055365	011
-0.164886	-0.144320	-0.052999	110
-0.165395	-0.143811	-0.052490	100
-0.164413	-0.142829	-0.053471	001
-0.165691	-0.141551	-0.052193	011
-0.166279	-0.142139	-0.051606	111
-0.166359	-0.142218	-0.051685	111
-0.166305	-0.142164	-0.051631	111
-0.166527	-0.142386	-0.051853	110
-0.165477	-0.143436	-0.052902	100
-0.166572	-0.144530	-0.051808	001
-0.168168	-0.142934	-0.050212	011
-0.168826	-0.143593	-0.049553	110
-0.172251	-0.140168	-0.046129	100
-0.172464	-0.140381	-0.045916	001
-0.172296	-0.140549	-0.046084	011
-0.173552	-0.141805	-0.044828	111
-0.174143	-0.142396	-0.045419	111
-0.174017	-0.142271	-0.045293	111
-0.175253	-0.143506	-0.046529	111
-0.175179	-0.143432	-0.046455	110
-0.175193	-0.143418	-0.046441	100
-0.176297	-0.144523	-0.045337	001
-0.177152	-0.143667	-0.044481	011
-0.176286	-0.142801	-0.045348	110
-0.178466	-0.140621	-0.043168	100
-0.180732	-0.142886	-0.040902	001
-0.178615	-0.145003	-0.043019	011
-0.178632	-0.145020	-0.043002	111
-0.176291	-0.142679	-0.040661	111
-0.177065	-0.143453	-0.041434	111
-0.177330	-0.143718	-0.041700	111
-0.176228	-0.142616	-0.040597	111
-0.178962	-0.145350	-0.043331	111
-0.179407	-0.145795	-0.043776	110
-0.180273	-0.144928	-0.042910	100
-0.181871	-0.146526	-0.041312	001
-0.180816	-0.147581	-0.042367	011
-0.181803	-0.148568	-0.041380	110
-0.182257	-0.148114	-0.040926	100
-0.184198	-0.150055	-0.038985	001
-0.184338	-0.149915	-0.038845	011
-0.185216	-0.150794	-0.037967	110
-0.185386	-0.150624	-0.037797	100
-0.186095	-0.151333	-0.037088	001
-0.185375	-0.152053	-0.037808	011
-0.184495	-0.151172	-0.038688	111
-0.184867	-0.151544	-0.039060	111
-0.184486	-0.151163	-0.038679	111
-0.185875	-0.152552	-0.040069	111
-0.186781	-0.153458	-0.040974	110
-0.189532	-0.150707	-0.038223	100
-0.191206	-0.152381	-0.036549	011
-0.190050	-0.151225	-0.037704	110
-0.188096	-0.153179	-0.039658	100
-0.186657	-0.151740	-0.041097	001
-0.187486	-0.150911	-0.040268	011
-0.187037	-0.150462	-0.040718	111
-0.187459	-0.150884	-0.041140	111
-0.187940	-0.151365	-0.041621	110
-0.189745	-0.149560	-0.039816	100
-0.190691	-0.150506	-0.038870	001
-0.190823	-0.150375	-0.038739	011
-0.191309	-0.150862	-0.038252	110
-0.192062	-0.150109	-0.037499	100
-0.193047	-0.151093	-0.036514	000
-0.194111	-0.152157	-0.037579	000
-0.194342	-0.152388	-0.037810	001
-0.194620	-0.152110	-0.037531	011
-0.194383	-0.151872	-0.037768	111
-0.193849	-0.151339	-0.037235	111
-0.191718	-0.149208	-0.035104	110
-0.191546	-0.149381	-0.035277	100
-0.192813	-0.150648	-0.034009	000
-0.193190	-0.151025	-0.034386	000
-0.192895	-0.150731	-0.034092	001
-0.192139	-0.151487	-0.034848	011
-0.191734	-0.151083	-0.035253	111
-0.189769	-0.149118	-0.033288	111
-0.187980	-0.147329	-0.031499	110
-0.188471	-0.146838	-0.031008	100
-0.189879	-0.148246	-0.029600	001
-0.188828	-0.149297	-0.030651	011
-0.189467	-0.149936	-0.030012	110
-0.190644	-0.148760	-0.028835	100
-0.192046	-0.150162	-0.027433	001
-0.189760	-0.152448	-0.029719	011
-0.189782	-0.152470	-0.029697	110
-0.189043	-0.153208	-0.030436	100
-0.189713	-0.153878	-0.029766	000
-0.188884	-0.153049	-0.028937	000
-0.189594	-0.153759	-0.029647	001
-0.190900	-0.152453	-0.028341	011
-0.193394	-0.154947	-0.025847	110
-0.194245	-0.154095	-0.024995	100
-0.192543	-0.152394	-0.026697	000
-0.192278	-0.152128	-0.026432	000
-0.192929	-0.152780	-0.027083	000
-0.192720	-0.152571	-0.026874	001
-0.190967	-0.154324	-0.028627	011
-0.192082	-0.155439	-0.027512	110
-0.192422	-0.155099	-0.027173	100
-0.192484	-0.155162	-0.027110	001
-0.193185	-0.154461	-0.026409	011
-0.195502	-0.156778	-0.024092	110
-0.196174	-0.156107	-0.023420	100
-0.197972	-0.157904	-0.021623	000
-0.198766	-0.158699	-0.022417	000
-0.198240	-0.158172	-0.021891	001
-0.198128	-0.158284	-0.022002	011
-0.198999	-0.159155	-0.021131	111
-0.198662	-0.158818	-0.020793	111
-0.199267	-0.159423	-0.021398	110
-0.197537	-0.161153	-0.023128	100
-0.196021	-0.159637	-0.024644	000
-0.196551	-0.160167	-0.025173	000
-0.194852	-0.158468	-0.023475	001
-0.193624	-0.159696	-0.024703	011
-0.193743	-0.159815	-0.024584	111
-0.193644	-0.159715	-0.024485	111
-0.190606	-0.156678	-0.021448	111
-0.191023	-0.157094	-0.021864	111
-0.191721	-0.157793	-0.022563	111
-0.192333	-0.158405	-0.023175	111
-0.191349	-0.157421	-0.022191	110
-0.190657	-0.158113	-0.022883	100
-0.190535	-0.157991	-0.023005	000
-0.190352	-0.157808	-0.022821	000
-0.188084	-0.155540	-0.020554	000
-0.186911	-0.154366	-0.019380	000
-0.186931	-0.154387	-0.019400	000
-0.188340	-0.155795	-0.020809	000
-0.190108	-0.157563	-0.022577	001
-0.190006	-0.157665	-0.022678	011
-0.189552	-0.157210	-0.023133	111
-0.189997	-0.157655	-0.023578	111
-0.189889	-0.157547	-0.023470	111
-0.189780	-0.157438	-0.023361	111
-0.190513	-0.158171	-0.024094	111
-0.192562	-0.160221	-0.026144	110
-0.193200	-0.159583	-0.025507	100
-0.193658	-0.160041	-0.025048	001
-0.192104	-0.161595	-0.026602	011
-0.191651	-0.161142	-0.027055	111
-0.192133	-0.161624	-0.027538	111
-0.192750	-0.162242	-0.028155	110
-0.192627	-0.162365	-0.028279	100
-0.190571	-0.160309	-0.030335	000
-0.189513	-0.159252	-0.029278	000
-0.190443	-0.160182	-0.030208	001
-0.190828	-0.159797	-0.029823	011
-0.192420	-0.161390	-0.028231	110
-0.192080	-0.161730	-0.028571	100
-0.192395	-0.162045	-0.028256	001
-0.192672	-0.161768	-0.027979	011
-0.192718	-0.161814	-0.027933	110
-0.194668	-0.159864	-0.025983	100
-0.195772	-0.160968	-0.024879	000
-0.195638	-0.160834	-0.024745	000
-0.196140	-0.161336	-0.025247	001
-0.195784	-0.161691	-0.025603	011
-0.197372	-0.163278	-0.024016	111
-0.197943	-0.163849	-0.024587	111
-0.197165	-0.163071	-0.023809	110
-0.196732	-0.163504	-0.024242	100
-0.197739	-0.164511	-0.023235	000
-0.198138	-0.164910	-0.023634	000
-0.197451	-0.164224	-0.022947	000
-0.196426	-0.163198	-0.021921	000
-0.198242	-0.165014	-0.023737	001
-0.197167	-0.166089	-0.024812	011
-0.196346	-0.165268	-0.025633	111
-0.195147	-0.164069	-0.024434	111
-0.196507	-0.165429	-0.025794	111
-0.198045	-0.166967	-0.027332	111
-0.196419	-0.165341	-0.025705	110
-0.198336	-0.163424	-0.023788	100
-0.202116	-0.167203	-0.020009	000
-0.201843	-0.166931	-0.019737	000
-0.203529	-0.168617	-0.021423	001
-0.203712	-0.168434	-0.021240	011
-0.205403	-0.170125	-0.019549	111
-0.205093	-0.169814	-0.019238	110
-0.205208	-0.169699	-0.019123	100
-0.206392	-0.170883	-0.017939	000
-0.206000	-0.170491	-0.017547	000
-0.206336	-0.170827	-0.017883	000
-0.206031	-0.170522	-0.017578	000
-0.205756	-0.170247	-0.017303	000
-0.205538	-0.170029	-0.017085	000
-0.204514	-0.169005	-0.016061	000
-0.201709	-0.166200	-0.013256	000
-0.201686	-0.166177	-0.013233	001
-0.202150	-0.165713	-0.012769	011
-0.203583	-0.167146	-0.011337	111
-0.205209	-0.168772	-0.012963	111
-0.206848	-0.170411	-0.014602	110
-0.205963	-0.171296	-0.015487	100
-0.205441	-0.170774	-0.016008	001
-0.206797	-0.169418	-0.014652	011
-0.207151	-0.169772	-0.014298	111
-0.206567	-0.169188	-0.013714	111
-0.206485	-0.169106	-0.013632	110
-0.207621	-0.167970	-0.012496	100
-0.208872	-0.169220	-0.011245	000
-0.209288	-0.169636	-0.011661	000
-0.209001	-0.169349	-0.011374	000
-0.211552	-0.171901	-0.013925	000
-0.210436	-0.170784	-0.012809	001
-0.212833	-0.168387	-0.010412	011
-0.211157	-0.166711	-0.012088	111
-0.207711	-0.163265	-0.008642	111
-0.206235	-0.161790	-0.007167	111
-0.206056	-0.161611	-0.006988	111
-0.205919	-0.161473	-0.006850	110
-0.204296	-0.163096	-0.008473	100
-0.202337	-0.161137	-0.010432	001
-0.202069	-0.161405	-0.010700	011
-0.200090	-0.159425	-0.012680	111
-0.198309	-0.157645	-0.010899	111
-0.199697	-0.159032	-0.012287	110
-0.199409	-0.159320	-0.012574	100
-0.197964	-0.157874	-0.014020	001
-0.197047	-0.158791	-0.014936	011
-0.197251	-0.158994	-0.014733	110
-0.197990	-0.158255	-0.013993	100
-0.197876	-0.158141	-0.014107	000
-0.197736	-0.158001	-0.013968	001
-0.198335	-0.157402	-0.013369	011
-0.200232	-0.159299	-0.011472	110
-0.199427	-0.160104	-0.012277	100
-0.198599	-0.159276	-0.013105	001
-0.200999	-0.156876	-0.010705	011
-0.199959	-0.155837	-0.011745	110
-0.199549	-0.156247	-0.012155	100
-0.198676	-0.155374	-0.013028	001
-0.199238	-0.154812	-0.012466	011
-0.198534	-0.154108	-0.013170	111
-0.197071	-0.152644	-0.011706	111
-0.196432	-0.152006	-0.011067	110
-0.195096	-0.153341	-0.012403	100
-0.192741	-0.150985	-0.014759	001
-0.192534	-0.151192	-0.014965	011
-0.190832	-0.149489	-0.016667	110
-0.190809	-0.149512	-0.016690	100
-0.191303	-0.150006	-0.016196	000
-0.191474	-0.150176	-0.016366	000
-0.192736	-0.151438	-0.017628	000
-0.194434	-0.153137	-0.019327	000
-0.194850	-0.153553	-0.019743	000
-0.195896	-0.154598	-0.020788	000
-0.196058	-0.154761	-0.020951	000
-0.198145	-0.156847	-0.023037	000
-0.200448	-0.159151	-0.025341	001
-0.199803	-0.159796	-0.025986	011
-0.200324	-0.160317	-0.025465	110
-0.200318	-0.160324	-0.025471	100
-0.199619	-0.159625	-0.026169	001
-0.199868	-0.159376	-0.025920	011
-0.199974	-0.159482	-0.025814	111
-0.202125	-0.161633	-0.027965	111
-0.202115	-0.161622	-0.027955	110
-0.201596	-0.162141	-0.028474	100
-0.202157	-0.162703	-0.027912	001
-0.203041	-0.161819	-0.027029	011
-0.202795	-0.161573	-0.027275	111
-0.200339	-0.159117	-0.024819	111
-0.199644	-0.158422	-0.024124	111
-0.201127	-0.159905	-0.025607	111
-0.204060	-0.162839	-0.028541	111
-0.208007	-0.166786	-0.032487	111
-0.209558	-0.168336	-0.034038	111
-0.210999	-0.169778	-0.035479	110
-0.213043	-0.167733	-0.033435	100
-0.212878	-0.167568	-0.033601	000
-0.213427	-0.168117	-0.034150	000
-0.212605	-0.167295	-0.033328	001
-0.210368	-0.169533	-0.035566	011
-0.210786	-0.169952	-0.035147	110
-0.210298	-0.170440	-0.035636	100
-0.210965	-0.171106	-0.034969	001
-0.207718	-0.174353	-0.038216	011
-0.206279	-0.172915	-0.039654	111
-0.208343	-0.174978	-0.041718	111
-0.208131	-0.174766	-0.041506	110
-0.208970	-0.173927	-0.040667	100
-0.209849	-0.174807	-0.039788	000
-0.210522	-0.175479	-0.040460	000
-0.210676	-0.175634	-0.040615	001
-0.210778	-0.175532	-0.040513	011
-0.209012	-0.173766	-0.042279	110
-0.212112	-0.170666	-0.039179	100
-0.212243	-0.170798	-0.039047	000
-0.210897	-0.169452	-0.037701	000
-0.210020	-0.168574	-0.036824	001
-0.213072	-0.165522	-0.033772	011
-0.213468	-0.165919	-0.033376	110
-0.212787	-0.166600	-0.034057	100
-0.210419	-0.164232	-0.036425	001
-0.214265	-0.160387	-0.032580	011
-0.216326	-0.162449	-0.030518	111
-0.216268	-0.162391	-0.030460	111
-0.215801	-0.161924	-0.029993	110
-0.214752	-0.162973	-0.031043	100
-0.212831	-0.161052	-0.032963	001
-0.211607	-0.162277	-0.034188	011
-0.210887	-0.161557	-0.034907	111
-0.209206	-0.159876	-0.033226	111
-0.208594	-0.159263	-0.032613	111
-0.210886	-0.161556	-0.034906	111
-0.212219	-0.162889	-0.036239	111
-0.212411	-0.163080	-0.036431	111
-0.212167	-0.162837	-0.036187	111
-0.211725	-0.162395	-0.035745	111
-0.210973	-0.161642	-0.034993	111
-0.210114	-0.160783	-0.034134	110
-0.208621	-0.162277	-0.035627	100
-0.208171	-0.161826	-0.036077	000
-0.207145	-0.160801	-0.035051	000
-0.206597	-0.160253	-0.034503	000
-0.206555	-0.160211	-0.034462	000
-0.206419	-0.160075	-0.034325	000
-0.205636	-0.159291	-0.033542	000
-0.208162	-0.161817	-0.036068	001
-0.204725	-0.165254	-0.039504	011
-0.205513	-0.166041	-0.038717	110
-0.203351	-0.168203	-0.040878	100
-0.202728	-0.167580	-0.041501	000
-0.204460	-0.169312	-0.043234	000
-0.205940	-0.170791	-0.044713	000
-0.204742	-0.169594	-0.043516	000
-0.204045	-0.168897	-0.042818	001
-0.203684	-0.169258	-0.043179	011
-0.203015	-0.168588	-0.043848	110
-0.204469	-0.167134	-0.042394	100
-0.204845	-0.167511	-0.042018	001
-0.203746	-0.168610	-0.043118	011
-0.202401	-0.167265	-0.044463	111
-0.202079	-0.166944	-0.044141	111
-0.199825	-0.164690	-0.041887	111
-0.198322	-0.163187	-0.040385	111
-0.199682	-0.164547	-0.041744	111
-0.198126	-0.162990	-0.040188	111
-0.196287	-0.161151	-0.038349	111
-0.195762	-0.160626	-0.037824	111
-0.194780	-0.159644	-0.036842	111
-0.195227	-0.160091	-0.037289	111
-0.196646	-0.161510	-0.038708	110
-0.195902	-0.162254	-0.039452	100
-0.194844	-0.161197	-0.040510	001
-0.196002	-0.160038	-0.039351	011
-0.193349	-0.157385	-0.042004	110
-0.194053	-0.156681	-0.041300	100
-0.192435	-0.155062	-0.042919	001
-0.192985	-0.154512	-0.042369	011
-0.193345	-0.154873	-0.042008	111
-0.194235	-0.155763	-0.042898	111
-0.195707	-0.157234	-0.044370	111
-0.196653	-0.158180	-0.045316	111
-0.198480	-0.160007	-0.047142	111
-0.200364	-0.161891	-0.049026	110
-0.201646	-0.160608	-0.047744	100
-0.204131	-0.163093	-0.045259	001
-0.203301	-0.163923	-0.046089	011
-0.201501	-0.162122	-0.047889	111
-0.201146	-0.161767	-0.047534	111
-0.200968	-0.161590	-0.047356	111
-0.200401	-0.161022	-0.046789	111
-0.199902	-0.160523	-0.046290	111
-0.198647	-0.159268	-0.045034	111
-0.196136	-0.156757	-0.042524	110
-0.196802	-0.156091	-0.041858	100
-0.197009	-0.156298	-0.041651	000
-0.196205	-0.155494	-0.040847	000
-0.196147	-0.155435	-0.040788	001
-0.196774	-0.154808	-0.040160	011
-0.197218	-0.155251	-0.039717	110
-0.199176	-0.153293	-0.037758	100
-0.200762	-0.154879	-0.036173	001
-0.201569	-0.154072	-0.035366	011
-0.204644	-0.157148	-0.032290	110
-0.204340	-0.157453	-0.032595	100
-0.203698	-0.156811	-0.033237	000
-0.203850	-0.156963	-0.033389	000
-0.203977	-0.157090	-0.033515	000
-0.203383	-0.156496	-0.032921	000
-0.202332	-0.155445	-0.031871	001
-0.203602	-0.154175	-0.030601	011
-0.204439	-0.155012	-0.029764	111
-0.204420	-0.154994	-0.029746	111
-0.204266	-0.154839	-0.029591	110
-0.205859	-0.153247	-0.027998	100
-0.206335	-0.153723	-0.027522	000
-0.206452	-0.153840	-0.027639	000
-0.207290	-0.154678	-0.028477	001
-0.207338	-0.154629	-0.028428	011
-0.207968	-0.155259	-0.027798	111
-0.208018	-0.155309	-0.027847	111
-0.209565	-0.156856	-0.029395	111
-0.208427	-0.155718	-0.028256	111
-0.207289	-0.154580	-0.027119	111
-0.208660	-0.155951	-0.028490	111
-0.206617	-0.153908	-0.026447	111
-0.207148	-0.154439	-0.026978	110
-0.206502	-0.155085	-0.027624	100
-0.206897	-0.155480	-0.027229	001
-0.205854	-0.156523	-0.028272	011
-0.205778	-0.156447	-0.028348	111
-0.207603	-0.158271	-0.030173	111
-0.209203	-0.159872	-0.031773	110
-0.209975	-0.159100	-0.031001	100
-0.210385	-0.159509	-0.030591	000
-0.207908	-0.157033	-0.028115	000
-0.205737	-0.154862	-0.025944	001
-0.206884	-0.153716	-0.024798	011
-0.209037	-0.155869	-0.022645	110
-0.207113	-0.157793	-0.024569	100
-0.206941	-0.157621	-0.024740	000
-0.209995	-0.160675	-0.027794	000
-0.210729	-0.161409	-0.028528	000
-0.208471	-0.159151	-0.026270	000
-0.208699	-0.159379	-0.026498	001
-0.208098	-0.159981	-0.027100	011
-0.210875	-0.162758	-0.024323	111
-0.212518	-0.164402	-0.025967	111
-0.212805	-0.164688	-0.026253	110
-0.212771	-0.164722	-0.026287	100
-0.212568	-0.164519	-0.026489	000
-0.213292	-0.165243	-0.027213	000
-0.214950	-0.166901	-0.028871	000
-0.213791	-0.165742	-0.027712	000
-0.211103	-0.163054	-0.025023	000
-0.212387	-0.164338	-0.026308	000
-0.210165	-0.162116	-0.024085	001
-0.213330	-0.158950	-0.020920	011
-0.214962	-0.160582	-0.019288	110
-0.215263	-0.160281	-0.018987	100
-0.215518	-0.160536	-0.018732	000
-0.216134	-0.161152	-0.019348	000
-0.217033	-0.162051	-0.020246	000
-0.217333	-0.162351	-0.020547	000
-0.218951	-0.163969	-0.022164	000
-0.218577	-0.163595	-0.021791	000
-0.219770	-0.164788	-0.022983	000
-0.220449	-0.165467	-0.023663	000
-0.221346	-0.166364	-0.024560	000
-0.221230	-0.166248	-0.024444	001
-0.220752	-0.166726	-0.024922	011
-0.218938	-0.164912	-0.026736	110
-0.219300	-0.164549	-0.026374	100
-0.220977	-0.166226	-0.024698	000
-0.221726	-0.166974	-0.025446	000
-0.223079	-0.168328	-0.026800	000
-0.221553	-0.166802	-0.025274	000
-0.219198	-0.164447	-0.022918	000
-0.217812	-0.163061	-0.021533	000
-0.216957	-0.162206	-0.020678	000
-0.217500	-0.162749	-0.021221	000
-0.217646	-0.162895	-0.021367	000
-0.217486	-0.162735	-0.021206	000
-0.214554	-0.159803	-0.018275	000
-0.213387	-0.158636	-0.017108	000
-0.213145	-0.158394	-0.016866	000
-0.215183	-0.160432	-0.018903	000
-0.217945	-0.163194	-0.021665	001
-0.220501	-0.160638	-0.019109	011
-0.220216	-0.160352	-0.019394	110
-0.219802	-0.160766	-0.019808	100
-0.219063	-0.160027	-0.020547	001
-0.217243	-0.161847	-0.022368	011
-0.216600	-0.161205	-0.023010	111
-0.217802	-0.162407	-0.024211	111
-0.218738	-0.163342	-0.025147	110
-0.219227	-0.162853	-0.024657	100
-0.219942	-0.163567	-0.023943	000
-0.220180	-0.163805	-0.024180	000
-0.220603	-0.164229	-0.024604	000
-0.220708	-0.164333	-0.024709	000
-0.219326	-0.162951	-0.023326	000
-0.217386	-0.161012	-0.021387	000
-0.218411	-0.162036	-0.022412	000
-0.216721	-0.160346	-0.020721	000
-0.218445	-0.162070	-0.022445	001
-0.216712	-0.163802	-0.024178	011
-0.218372	-0.165462	-0.022518	110
-0.219172	-0.164663	-0.021718	100
-0.220275	-0.165766	-0.020615	000
-0.220752	-0.166243	-0.021093	000
-0.218311	-0.163802	-0.018652	000
-0.217210	-0.162701	-0.017550	001
-0.213970	-0.165940	-0.020790	011
-0.215201	-0.167172	-0.019559	110
-0.213043	-0.169330	-0.021717	100
-0.209985	-0.166272	-0.024776	001
-0.210268	-0.165988	-0.024492	011
-0.211704	-0.167424	-0.023056	111
-0.213460	-0.169180	-0.024812	111
-0.215237	-0.170957	-0.026588	110
-0.213072	-0.173122	-0.028754	100
-0.212131	-0.172181	-0.029694	000
-0.211182	-0.171232	-0.028745	000
-0.211333	-0.171383	-0.028896	000
-0.211517	-0.171567	-0.029080	000
-0.213393	-0.173443	-0.030955	000
-0.215889	-0.175938	-0.033451	000
-0.216796	-0.176846	-0.034359	000
-0.217462	-0.177512	-0.035025	000
-0.219840	-0.179890	-0.037403	000
-0.221373	-0.181423	-0.038936	000
-0.219707	-0.179757	-0.037270	000
-0.218644	-0.178694	-0.036207	000
-0.220802	-0.180852	-0.038365	000
-0.221360	-0.181410	-0.038923	000
-0.221908	-0.181958	-0.039471	001
-0.223341	-0.180525	-0.038038	011
-0.223252	-0.180436	-0.038127	111
-0.223405	-0.180589	-0.038280	111
-0.222227	-0.179411	-0.037102	111
-0.220310	-0.177495	-0.035186	111
-0.220196	-0.177381	-0.035071	110
-0.221913	-0.175664	-0.033355	100
-0.222856	-0.176608	-0.032411	001
-0.222118	-0.177346	-0.033150	011
-0.223633	-0.178861	-0.031634	111
-0.221869	-0.177097	-0.029870	111
-0.220051	-0.175279	-0.028052	110
-0.220992	-0.174338	-0.027111	100
-0.221950	-0.175296	-0.026153	000
-0.223633	-0.176979	-0.027836	000
-0.222688	-0.176035	-0.026892	011
-0.222040	-0.175386	-0.027541	110
-0.221497	-0.175929	-0.028084	100
-0.220111	-0.174544	-0.029469	001
-0.221426	-0.173229	-0.028154	011
-0.222640	-0.174443	-0.026940	110
-0.221820	-0.175263	-0.027760	100
-0.222929	-0.176372	-0.026651	001
-0.222778	-0.176523	-0.026802	011
-0.223667	-0.177412	-0.025914	111
-0.224047	-0.177792	-0.026295	111
-0.221173	-0.174918	-0.023420	111
-0.219240	-0.172985	-0.021487	111
-0.218361	-0.172106	-0.020608	111
-0.218465	-0.172210	-0.020712	111
-0.219553	-0.173298	-0.021800	110
-0.221016	-0.171835	-0.020338	100
-0.223013	-0.173833	-0.018340	001
-0.222158	-0.174689	-0.019196	011
-0.222867	-0.175398	-0.018486	110
-0.223124	-0.175141	-0.018230	100
-0.222942	-0.174960	-0.018411	001
-0.223865	-0.174037	-0.017488	011
-0.223336	-0.173507	-0.018018	110
-0.223312	-0.173530	-0.018041	100
-0.222974	-0.173192	-0.018380	000
-0.221627	-0.171845	-0.017033	000
-0.221967	-0.172185	-0.017373	000
-0.221485	-0.171703	-0.016891	000
-0.219255	-0.169473	-0.014660	000
-0.217798	-0.168016	-0.013204	000
-0.216636	-0.166855	-0.012042	001
-0.215735	-0.167756	-0.012943	011
-0.216019	-0.168040	-0.012659	111
-0.216860	-0.168881	-0.013500	111
-0.216963	-0.168984	-0.013603	110
-0.215738	-0.170210	-0.014829	100
-0.215835	-0.170307	-0.014732	001
-0.216284	-0.169858	-0.014283	011
-0.216173	-0.169747	-0.014393	110
-0.216754	-0.169167	-0.013813	100
-0.216881	-0.169295	-0.013685	000
-0.221030	-0.173443	-0.017834	000
-0.223268	-0.175681	-0.020072	001
-0.221269	-0.177680	-0.022071	111
-0.221915	-0.178326	-0.022717	111
-0.225586	-0.181997	-0.026388	110
-0.226270	-0.181313	-0.025703	100
-0.228310	-0.183353	-0.023663	000
-0.226410	-0.181453	-0.021763	000
-0.225450	-0.180492	-0.020803	000
-0.225818	-0.180861	-0.021172	000
-0.228247	-0.183290	-0.023601	000
-0.228476	-0.183519	-0.023830	000
-0.228873	-0.183916	-0.024226	001
-0.228868	-0.183921	-0.024232	011
-0.227813	-0.182867	-0.025286	110
-0.228381	-0.182299	-0.024718	100
-0.226608	-0.180526	-0.026491	000
-0.227183	-0.181101	-0.027066	000
-0.228050	-0.181968	-0.027933	000
-0.227854	-0.181772	-0.027738	000
-0.227941	-0.181859	-0.027824	001
-0.227273	-0.182527	-0.028493	011
-0.229110	-0.184365	-0.026656	111
-0.229113	-0.184368	-0.026658	111
-0.228558	-0.183813	-0.026103	111
-0.228602	-0.183857	-0.026148	111
-0.226793	-0.182047	-0.024338	110
-0.228396	-0.180444	-0.022734	100
-0.229215	-0.181262	-0.021916	000
-0.231366	-0.183414	-0.024067	000
-0.230842	-0.182889	-0.023542	001
-0.233208	-0.180523	-0.021176	011
-0.235788	-0.183102	-0.018596	111
-0.238681	-0.185995	-0.021489	111
-0.239855	-0.187170	-0.022664	111
-0.239207	-0.186522	-0.022016	111
-0.237848	-0.185163	-0.020657	111
-0.237272	-0.184587	-0.020081	111
-0.236166	-0.183481	-0.018975	110
-0.235186	-0.184461	-0.019955	100
-0.234481	-0.183756	-0.020660	001
-0.236396	-0.181841	-0.018745	011
-0.238666	-0.184112	-0.016474	111
-0.240230	-0.185676	-0.018039	111
-0.241766	-0.187212	-0.019574	110
-0.242279	-0.186699	-0.019062	000
-0.243927	-0.188347	-0.020710	000
-0.245864	-0.190284	-0.022647	000
-0.246568	-0.190987	-0.023350	000
-0.247807	-0.192227	-0.024590	001
